ts_code,trade_date,open,high,low,close,pre_close,change,pct_chg,vol,amount,adj_factor
002666.SZ,20180102,24.0276,24.2418,23.942,24.1133,24.0705,0.04279999999999973,0.1778,38021.74,21406.157,4.283
002666.SZ,20180103,24.1561,24.2846,23.942,24.1561,24.1133,0.04279999999999973,0.1775,32283.08,18133.815,4.283
002666.SZ,20180104,24.1133,24.1133,23.8991,23.9848,24.1561,-0.17129999999999868,-0.7091,30234.49,16938.163,4.283
002666.SZ,20180105,23.9848,24.1561,23.8991,23.9848,23.9848,0.0,0.0,36255.56,20316.389,4.283
002666.SZ,20180108,23.7706,24.4131,23.7706,24.3703,23.9848,0.3855000000000004,1.6073,65430.0,36991.348,4.283
002666.SZ,20180109,24.3274,24.4988,24.199,24.4559,24.3703,0.08559999999999945,0.3512,37749.62,21507.517,4.283
002666.SZ,20180110,24.4559,24.7557,24.2846,24.7129,24.4559,0.25700000000000145,1.0509,76926.12,44197.333,4.283
002666.SZ,20180111,24.5844,24.9271,24.5844,24.6701,24.7129,-0.04279999999999973,-0.1732,55549.06,32097.417,4.283
002666.SZ,20180112,24.7129,25.698,24.4988,25.3982,24.6701,0.7280999999999977,2.9513,160846.46,94206.21,4.283
002666.SZ,20180115,25.2697,26.2976,24.9271,25.4839,25.3982,0.08569999999999922,0.3374,170641.93,101443.763,4.283
002666.SZ,20180116,25.0556,26.3833,24.9271,25.9122,25.4839,0.4283000000000001,1.6807,214379.23,128521.309,4.283
002666.SZ,20180117,25.6552,26.0406,25.441,25.7837,25.9122,-0.12849999999999895,-0.4959,79955.96,47916.777,4.283
002666.SZ,20180118,25.5695,25.8265,25.441,25.5695,25.7837,-0.21419999999999817,-0.8308,56997.0,34047.715,4.283
002666.SZ,20180119,26.0835,26.4261,25.7408,26.0835,25.5695,0.5139999999999993,2.0102,205038.42,124777.694,4.283
002666.SZ,20180122,25.8693,26.7259,25.3125,26.5974,26.0835,0.5138999999999996,1.9702,225003.85,138164.523,4.283
002666.SZ,20180123,26.5118,27.0686,26.212,26.7688,26.5974,0.17139999999999844,0.6444,165379.61,103579.248,4.283
002666.SZ,20180124,26.6831,27.0686,26.5546,26.8544,26.7688,0.08559999999999945,0.3198,111441.89,69564.08,4.283
002666.SZ,20180125,27.8395,28.0537,26.5546,26.6403,26.8544,-0.2140999999999984,-0.7973,202506.96,128133.86,4.283
002666.SZ,20180126,26.4261,26.6831,25.9122,26.6403,26.6403,0.0,0.0,125314.06,77036.141,4.283
002666.SZ,20180129,26.4689,26.6403,26.0406,26.4689,26.6403,-0.17139999999999844,-0.6434,94350.0,58001.5,4.283
002666.SZ,20180130,26.3405,28.0537,26.1691,26.8544,26.4689,0.38549999999999685,1.4564,189226.89,119777.842,4.283
002666.SZ,20180131,26.7688,26.8544,26.212,26.8544,26.8544,0.0,0.0,90587.91,56123.779,4.283
002666.SZ,20180201,26.6403,27.1114,25.7837,26.3405,26.8544,-0.5138999999999996,-1.9137,125902.2,77246.229,4.283
002666.SZ,20180202,26.3833,26.8972,25.6552,26.3833,26.3405,0.04279999999999973,0.1625,162383.04,99257.883,4.283
002666.SZ,20180205,26.1691,26.6403,25.7408,26.3405,26.3833,-0.04279999999999973,-0.1622,76508.02,46924.575,4.283
002666.SZ,20180206,25.698,26.7688,25.698,26.3833,26.3405,0.04279999999999973,0.1625,163578.04,100503.504,4.283
002666.SZ,20180207,26.3833,26.9401,26.1263,26.8116,26.3833,0.4283000000000001,1.6234,157667.08,98034.746,4.283
002666.SZ,20180208,28.5676,28.5676,26.3833,26.3833,26.8116,-0.4283000000000001,-1.5974,165518.99,104632.907,4.283
002666.SZ,20180209,25.7408,26.8972,23.8563,26.6831,26.3833,0.2998000000000012,1.1363,189606.08,114982.268,4.283
002666.SZ,20180212,26.5546,26.8972,26.3405,26.6831,26.6831,0.0,0.0,90999.88,56762.259,4.283
002666.SZ,20180213,26.6403,27.0686,26.5974,26.5974,26.6831,-0.08569999999999922,-0.3212,95259.87,59591.334,4.283
002666.SZ,20180214,26.5974,26.9829,25.955,26.8544,26.5974,0.2569999999999979,0.9663,104382.45,64821.785,4.283
002666.SZ,20180222,26.5546,26.9401,26.4689,26.4689,26.8544,-0.38549999999999685,-1.4355,85282.45,52952.685,4.283
002666.SZ,20180223,26.4261,26.9401,26.0835,26.5118,26.4689,0.042899999999999494,0.1621,139955.13,86706.28,4.283
002666.SZ,20180226,26.5974,26.8544,26.4689,26.5118,26.5118,0.0,0.0,159402.0,99012.268,4.283
002666.SZ,20180227,26.6831,26.6831,26.0406,26.4689,26.5118,-0.042899999999999494,-0.1618,94221.0,57829.371,4.283
002666.SZ,20180228,26.3833,26.7688,26.0835,26.5118,26.4689,0.042899999999999494,0.1621,174278.0,108165.106,4.283
002666.SZ,20180301,26.2976,26.8972,26.212,26.8116,26.5118,0.2997999999999976,1.1308,230631.69,143797.818,4.283
002666.SZ,20180302,26.7688,26.9829,25.7837,25.8265,26.8116,-0.9850999999999992,-3.6742,158119.81,97294.296,4.283
002666.SZ,20180305,25.3982,25.9978,25.3554,25.6123,25.8265,-0.21419999999999817,-0.8294,199102.0,119802.104,4.283
002666.SZ,20180306,25.441,25.5695,25.2269,25.3982,25.6123,-0.21410000000000196,-0.8359,81512.0,48341.169,4.283
002666.SZ,20180307,25.4839,26.0835,25.3982,26.0406,25.3982,0.6424000000000021,2.5293,89791.02,53915.203,4.283
002666.SZ,20180308,25.7408,26.1263,25.7408,26.0835,26.0406,0.042899999999999494,0.1647,49501.79,30033.141,4.283
002666.SZ,20180309,26.0835,26.212,25.9122,26.1263,26.0835,0.04279999999999973,0.1641,61111.0,37181.055,4.283
002666.SZ,20180312,26.0406,27.5825,26.0406,27.2827,26.1263,1.1563999999999979,4.4262,217627.18,136505.772,4.283
002666.SZ,20180313,27.1542,30.0238,26.9401,30.0238,27.2827,2.741100000000003,10.047,649299.74,440230.483,4.283
002666.SZ,20180314,30.4093,31.1374,29.5527,29.981,30.0238,-0.04279999999999973,-0.1426,471949.72,332071.645,4.283
002666.SZ,20180315,29.6812,30.1095,29.3814,30.0238,29.981,0.04279999999999973,0.1428,219710.38,153057.383,4.283
002666.SZ,20180316,29.8097,31.0946,29.467,30.3236,30.0238,0.2997999999999976,0.9985,352080.81,250343.062,4.283
002666.SZ,20180319,30.1952,30.1952,29.467,29.981,30.3236,-0.34259999999999735,-1.1298,151656.03,105407.52,4.283
002666.SZ,20180320,28.6104,32.9791,28.6104,32.9791,29.981,2.998100000000001,10.0,561638.03,410977.115,4.283
002666.SZ,20180321,32.9363,34.6923,32.2082,32.9791,32.9791,0.0,0.0,591896.47,458213.248,4.283
002666.SZ,20180322,32.9363,33.8785,32.5508,32.9363,32.9791,-0.04279999999999973,-0.1298,311159.85,240413.096,4.283
002666.SZ,20180323,32.3366,33.5787,31.737,32.9791,32.9363,0.04279999999999973,0.1299,388400.98,296478.994,4.283
002666.SZ,20180326,32.5508,33.4074,32.508,32.5508,32.9791,-0.4283000000000001,-1.2987,246404.2,188832.489,4.283
002666.SZ,20180327,32.765,32.8934,31.3087,32.5508,32.5508,0.0,0.0,328042.99,245656.095,4.283
002666.SZ,20180328,32.0368,32.5508,31.7799,32.4223,32.5508,-0.1285000000000025,-0.3948,167973.0,126234.798,4.283
002666.SZ,20180329,32.1653,32.6793,31.737,32.3795,32.4223,-0.04279999999999973,-0.132,186232.0,139696.182,4.283
002666.SZ,20180330,32.4223,33.9214,31.9512,32.3795,32.3795,0.0,0.0,466065.71,357530.865,4.283
002666.SZ,20180402,32.1653,32.1653,31.3516,31.3944,32.3795,-0.9850999999999992,-3.0424,201219.43,148453.89,4.283
002666.SZ,20180403,30.6235,31.5657,30.6235,31.3516,31.3944,-0.04279999999999973,-0.1363,158706.99,115596.627,4.283
002666.SZ,20180404,31.2231,31.3944,31.0518,31.3516,31.3516,0.0,0.0,74053.0,53985.276,4.283
002666.SZ,20180409,30.9233,32.8078,30.9233,31.5657,31.3516,0.2140999999999984,0.6829,314028.14,233971.312,4.283
002666.SZ,20180410,31.4372,31.6514,30.9661,31.5657,31.5657,0.0,0.0,130155.99,95086.377,4.283
002666.SZ,20180411,32.5508,32.8506,31.5229,31.5657,31.5657,0.0,0.0,302249.12,226057.507,4.283
002666.SZ,20180412,31.2659,31.4372,30.8376,31.2659,31.5657,-0.2998000000000012,-0.9498,113376.0,82479.563,4.283
002666.SZ,20180413,31.4801,32.9791,31.2659,31.2659,31.2659,0.0,0.0,335645.15,249613.714,4.283
002666.SZ,20180416,31.0518,31.3516,30.8804,31.2659,31.2659,0.0,0.0,91321.02,66313.122,4.283
002666.SZ,20180417,31.1802,31.2659,30.6235,31.0089,31.2659,-0.2569999999999979,-0.822,105219.15,76033.806,4.283
002666.SZ,20180418,30.9233,32.9791,30.6663,31.0946,31.0089,0.08569999999999922,0.2764,372089.29,273881.637,4.283
002666.SZ,20180419,31.1802,31.2231,30.8804,31.0518,31.0946,-0.04279999999999973,-0.1376,77929.58,56435.089,4.283
002666.SZ,20180420,30.9661,31.2231,30.6663,31.0089,31.0518,-0.042899999999999494,-0.1382,99174.48,71598.999,4.283
002666.SZ,20180423,31.0089,31.1374,30.7091,30.8376,31.0089,-0.17130000000000223,-0.5524,50221.0,36155.626,4.283
002666.SZ,20180424,30.7091,30.9661,30.7091,30.7948,30.8376,-0.04279999999999973,-0.1388,47980.0,34509.133,4.283
002666.SZ,20180425,30.7948,30.7948,30.0238,30.2808,30.7948,-0.5139999999999993,-1.6691,99983.57,70881.264,4.283
002666.SZ,20180426,29.981,30.1523,29.2957,29.981,30.2808,-0.2997999999999976,-0.9901,123606.78,85561.945,4.283
002666.SZ,20180427,29.0387,31.6514,29.0387,30.1523,29.981,0.17129999999999868,0.5714,188237.86,134856.005,4.283
002666.SZ,20180502,30.3665,30.3665,29.8097,29.9382,30.1523,-0.21410000000000196,-0.7101,63768.0,44623.773,4.283
002666.SZ,20180503,29.9382,30.8804,29.8953,30.0667,29.9382,0.1285000000000025,0.4292,218184.01,154881.951,4.283
002666.SZ,20180504,30.0667,30.1523,29.6384,29.7669,30.0667,-0.2998000000000012,-0.9971,57796.48,40146.959,4.283
002666.SZ,20180507,29.5955,31.1802,29.0816,31.1802,29.7669,1.4132999999999996,4.7479,291736.54,205506.298,4.283
002666.SZ,20180508,31.2231,31.8655,31.0518,31.5657,31.1802,0.3855000000000004,1.2364,114865.0,84566.005,4.283
002666.SZ,20180509,31.2659,34.7351,28.3963,28.3963,31.5657,-3.1693999999999996,-10.0406,821303.45,602735.151,4.283
002666.SZ,20180510,27.4112,27.8395,25.5695,25.6123,28.3963,-2.783999999999999,-9.8041,606294.51,369083.465,4.283
002666.SZ,20180511,25.6123,25.8693,24.1133,24.8414,25.6123,-0.770900000000001,-3.0099,304330.9,177955.053,4.283
002666.SZ,20180514,24.7557,24.7986,23.8563,24.0705,24.8414,-0.770900000000001,-3.1033,175858.83,99715.44,4.283
002666.SZ,20180515,24.1133,24.5416,24.1133,24.3274,24.0705,0.2569000000000017,1.0673,101865.85,57754.696,4.283
002666.SZ,20180516,24.2846,24.2846,23.7278,23.7706,24.3274,-0.5567999999999991,-2.2888,100339.48,55989.036,4.283
002666.SZ,20180517,23.8135,23.8563,23.6422,23.685,23.7706,-0.08560000000000301,-0.3601,65555.46,36309.107,4.283
002666.SZ,20180518,23.7278,23.7278,23.2567,23.3852,23.685,-0.2997999999999976,-1.2658,85858.86,47031.785,4.283
002666.SZ,20180521,23.5137,23.7706,23.3424,23.7278,23.3852,0.34259999999999735,1.465,117620.0,64685.677,4.283
002666.SZ,20180522,23.6422,23.7278,23.428,23.5993,23.7278,-0.12849999999999895,-0.5416,75258.13,41386.175,4.283
002666.SZ,20180523,23.5993,23.5993,22.8712,22.9997,23.5993,-0.5995999999999988,-2.5408,85277.86,46279.268,4.283
002666.SZ,20180524,22.9997,23.2139,22.8284,22.8712,22.9997,-0.12849999999999895,-0.5587,59655.02,31989.455,4.283
002666.SZ,20180525,22.9997,23.0425,22.4001,22.4001,22.8712,-0.4711000000000034,-2.0598,66679.81,35168.413,4.283
002666.SZ,20180528,22.5286,23.0854,22.1431,22.9569,22.4001,0.5568000000000026,2.4857,87405.42,46246.395,4.283
002666.SZ,20180529,22.8284,22.9997,22.3573,22.4001,22.9569,-0.5568000000000026,-2.4254,67083.54,35421.367,4.283
002666.SZ,20180530,22.2288,22.2288,20.5584,20.9439,22.4001,-1.456199999999999,-6.5009,117599.22,59150.234,4.283
002666.SZ,20180531,21.1152,21.5435,21.1152,21.4578,20.9439,0.5138999999999996,2.4537,67432.44,33599.639,4.283
002666.SZ,20180601,21.5007,21.9718,21.3722,21.5863,21.4578,0.1285000000000025,0.5988,58972.81,29851.287,4.283
002666.SZ,20180604,21.7148,22.1431,21.6292,22.1431,21.5863,0.5567999999999991,2.5794,56930.27,29096.235,4.283
002666.SZ,20180605,22.0575,22.1431,21.8433,22.1003,22.1431,-0.04279999999999973,-0.1933,43085.04,22122.238,4.283
002666.SZ,20180606,22.1003,22.1003,21.7576,21.8861,22.1003,-0.21420000000000172,-0.9692,35808.25,18346.482,4.283
002666.SZ,20180607,21.8861,21.9718,21.415,21.5007,21.8861,-0.38540000000000063,-1.7609,37212.32,18813.687,4.283
002666.SZ,20180608,21.4578,21.6292,20.9867,21.158,21.5007,-0.3426999999999971,-1.5939,50920.81,25146.504,4.283
002666.SZ,20180611,21.158,21.2437,20.7725,21.1152,21.158,-0.04279999999999973,-0.2023,34325.08,16873.153,4.283
002666.SZ,20180612,21.2009,21.2009,20.7297,21.0295,21.1152,-0.08570000000000277,-0.4059,40761.54,19941.522,4.283
002666.SZ,20180613,21.0295,21.0295,20.3443,20.4299,21.0295,-0.5995999999999988,-2.8512,43599.78,21081.943,4.283
002666.SZ,20180614,20.3443,20.7297,20.2586,20.3443,20.4299,-0.08559999999999945,-0.419,33044.08,15796.23,4.283
002666.SZ,20180615,20.3871,20.3871,18.9737,19.3592,20.3443,-0.9850999999999992,-4.8421,76136.0,34659.021,4.283
002666.SZ,20180619,19.2307,19.2307,17.4318,17.4318,19.3592,-1.9274000000000022,-9.956,91840.0,38434.131,4.283
002666.SZ,20180620,17.0892,17.646,16.9179,17.4746,17.4318,0.04279999999999973,0.2455,57316.28,23242.57,4.283
002666.SZ,20180621,17.5175,17.5603,16.6609,16.7037,17.4746,-0.7708999999999975,-4.4115,60202.0,24061.135,4.283
002666.SZ,20180622,16.5752,17.0463,16.4467,16.9179,16.7037,0.21419999999999817,1.2824,54128.0,21277.608,4.283
002666.SZ,20180625,17.0035,17.2177,16.7465,16.7894,16.9179,-0.12849999999999895,-0.7596,44627.0,17687.49,4.283
002666.SZ,20180626,16.4896,17.9458,16.4039,17.2605,16.7894,0.47109999999999985,2.8059,78015.02,31198.628,4.283
002666.SZ,20180627,17.2177,17.4318,16.9607,17.3033,17.2605,0.04279999999999973,0.248,46784.0,18839.659,4.283
002666.SZ,20180628,17.2605,17.4746,16.9607,16.9607,17.3033,-0.3426000000000009,-1.98,44772.0,18015.824,4.283
002666.SZ,20180629,16.9607,17.5175,16.9607,17.4318,16.9607,0.47109999999999985,2.7776,48250.48,19487.244,4.283
002666.SZ,20180702,17.4318,17.7745,17.132,17.2177,17.4318,-0.2140999999999984,-1.2282,61468.0,25043.857,4.283
002666.SZ,20180703,17.3033,17.7316,17.2177,17.6888,17.2177,0.47109999999999985,2.7361,51913.09,21199.673,4.283
002666.SZ,20180704,17.6888,17.7316,17.3033,17.3033,17.6888,-0.3855000000000004,-2.1793,43272.71,17640.844,4.283
002666.SZ,20180705,17.2177,17.4318,16.5324,16.7037,17.3033,-0.5995999999999988,-3.4652,49117.48,19505.109,4.283
002666.SZ,20180706,16.7465,16.9607,16.1469,16.7465,16.7037,0.04279999999999973,0.2562,55177.53,21419.963,4.283
002666.SZ,20180709,16.8322,17.2605,16.7465,17.2177,16.7465,0.4711999999999996,2.8137,50930.16,20245.742,4.283
002666.SZ,20180710,17.3033,17.4318,17.0463,17.2605,17.2177,0.04279999999999973,0.2486,56331.42,22620.852,4.283
002666.SZ,20180711,17.0463,17.2177,16.618,16.8322,17.2605,-0.4283000000000001,-2.4814,53014.08,20923.495,4.283
002666.SZ,20180712,16.7894,17.3033,16.7894,17.1748,16.8322,0.3426000000000009,2.0354,48667.24,19478.072,4.283
002666.SZ,20180713,17.6031,17.646,17.2177,17.3033,17.1748,0.12849999999999895,0.7482,43057.92,17457.633,4.283
002666.SZ,20180716,17.7316,17.7316,17.2177,17.3033,17.3033,0.0,0.0,36497.0,14779.769,4.283
002666.SZ,20180717,17.4318,17.4318,17.2177,17.389,17.3033,0.08569999999999922,0.4953,47036.24,18986.666,4.283
002666.SZ,20180718,17.646,17.646,17.2605,17.4318,17.389,0.04279999999999973,0.2461,49465.25,20122.973,4.283
002666.SZ,20180719,17.4307,17.6042,17.2139,17.3006,17.4307,-0.13010000000000232,-0.7464,50506.5,20268.133,4.336
002666.SZ,20180720,17.2573,17.5174,17.0405,17.4307,17.3006,0.13010000000000232,0.752,45429.43,18113.876,4.336
002666.SZ,20180723,17.4741,17.5608,17.3006,17.4741,17.4307,0.04339999999999833,0.249,41271.5,16590.302,4.336
002666.SZ,20180724,17.5174,18.0378,17.4307,17.9944,17.4741,0.5202999999999989,2.9775,85006.54,34842.701,4.336
002666.SZ,20180725,17.8643,18.428,17.821,18.2546,17.9944,0.2602000000000011,1.446,75058.28,31373.559,4.336
002666.SZ,20180726,18.2546,19.0784,17.9944,18.7315,18.2546,0.47690000000000055,2.6125,115344.17,49371.771,4.336
002666.SZ,20180727,18.5581,18.7749,18.2546,18.3846,18.7315,-0.34690000000000154,-1.852,62099.29,26447.634,4.336
002666.SZ,20180730,18.428,18.428,17.951,18.1245,18.3846,-0.2600999999999978,-1.4148,42536.53,17791.214,4.336
002666.SZ,20180731,18.2112,18.2979,17.9944,18.1678,18.1245,0.04329999999999856,0.2389,34807.0,14569.886,4.336
002666.SZ,20180801,18.1678,18.2546,17.6475,17.6475,18.1678,-0.5202999999999989,-2.8639,48987.0,20278.272,4.336
002666.SZ,20180802,17.5608,17.6909,16.737,17.2139,17.6475,-0.433600000000002,-2.457,67353.33,26567.191,4.336
002666.SZ,20180803,17.1706,17.3006,16.9538,17.1272,17.2139,-0.08670000000000044,-0.5037,38186.38,15091.341,4.336
002666.SZ,20180806,17.1272,17.1706,16.5635,16.6069,17.1272,-0.5202999999999989,-3.0379,42575.5,16522.302,4.336
002666.SZ,20180807,16.6502,17.0838,16.6069,17.0838,16.6069,0.47690000000000055,2.8717,38139.13,14835.311,4.336
002666.SZ,20180808,16.9971,17.6042,16.9538,17.2573,17.0838,0.17350000000000065,1.0156,58844.29,23539.693,4.336
002666.SZ,20180809,17.1272,17.5174,16.9971,17.3006,17.2573,0.04329999999999856,0.2509,64853.48,25965.129,4.336
002666.SZ,20180810,17.3006,17.6475,17.3006,17.5174,17.3006,0.21679999999999922,1.2531,37816.69,15232.799,4.336
002666.SZ,20180813,17.344,17.4307,17.0405,17.344,17.5174,-0.17339999999999733,-0.9899,49701.84,19708.872,4.336
002666.SZ,20180814,17.2573,17.4741,17.2573,17.3874,17.344,0.04339999999999833,0.2502,33151.55,13268.763,4.336
002666.SZ,20180815,17.4307,17.4307,16.9104,16.9538,17.3874,-0.43359999999999843,-2.4938,32921.31,12989.459,4.336
002666.SZ,20180816,16.7803,16.9971,16.6069,16.7803,16.9538,-0.17350000000000065,-1.0234,41022.0,15910.209,4.336
002666.SZ,20180817,16.9104,17.0405,16.5202,16.5202,16.7803,-0.26010000000000133,-1.55,30942.0,11922.739,4.336
002666.SZ,20180820,16.5635,16.6936,16.3034,16.6069,16.5202,0.08670000000000044,0.5248,21919.17,8324.488,4.336
002666.SZ,20180821,16.6069,16.8237,16.5202,16.7803,16.6069,0.1734000000000009,1.0441,22078.17,8523.373,4.336
002666.SZ,20180822,16.737,16.7803,16.4768,16.6069,16.7803,-0.1734000000000009,-1.0334,17390.0,6663.407,4.336
002666.SZ,20180823,16.6936,16.737,16.5635,16.6502,16.6069,0.043300000000002115,0.2607,19241.0,7390.77,4.336
002666.SZ,20180824,16.6069,16.6502,16.4768,16.5635,16.6502,-0.08670000000000044,-0.5207,18822.0,7182.52,4.336
002666.SZ,20180827,16.5635,16.7803,16.5202,16.7803,16.5635,0.21679999999999922,1.3089,22374.0,8611.315,4.336
002666.SZ,20180828,16.7803,16.867,16.737,16.8237,16.7803,0.04339999999999833,0.2586,20993.0,8130.595,4.336
002666.SZ,20180829,16.7803,16.9538,16.7803,16.9104,16.8237,0.08670000000000044,0.5153,23624.0,9196.266,4.336
002666.SZ,20180830,16.9104,16.9104,16.5202,16.5635,16.9104,-0.346899999999998,-2.0514,27121.22,10470.688,4.336
002666.SZ,20180831,16.5635,17.2139,16.4768,16.6936,16.5635,0.13009999999999877,0.7855,46603.0,18095.619,4.336
002666.SZ,20180903,16.5635,16.8237,16.4334,16.6936,16.6936,0.0,0.0,24975.44,9545.882,4.336
002666.SZ,20180904,16.6936,17.0838,16.4334,17.0405,16.6936,0.34690000000000154,2.078,39645.0,15373.925,4.336
002666.SZ,20180905,16.9538,17.5608,16.8237,16.9538,17.0405,-0.08670000000000044,-0.5088,54919.04,21754.223,4.336
002666.SZ,20180906,16.9538,17.2573,16.867,17.0405,16.9538,0.08670000000000044,0.5114,35312.85,13911.057,4.336
002666.SZ,20180907,16.9538,17.4741,16.9538,17.4741,17.0405,0.43359999999999843,2.5445,60854.0,24282.95,4.336
002666.SZ,20180910,17.5608,17.6042,17.1272,17.1706,17.4741,-0.30349999999999966,-1.7369,40726.32,16250.108,4.336
002666.SZ,20180911,17.2139,17.344,17.0838,17.3006,17.1706,0.129999999999999,0.7571,32601.53,12952.992,4.336
002666.SZ,20180912,17.2573,17.4307,17.0405,17.1706,17.3006,-0.129999999999999,-0.7514,32554.0,12893.531,4.336
002666.SZ,20180913,17.2139,17.5608,17.1272,17.3006,17.1706,0.129999999999999,0.7571,24758.24,9838.608,4.336
002666.SZ,20180914,19.035,19.035,18.2979,19.035,17.3006,1.7344000000000008,10.0251,302541.6,132673.462,4.336
002666.SZ,20180917,19.035,20.3792,18.7315,19.1651,19.035,0.13009999999999877,0.6835,503530.56,225318.311,4.336
002666.SZ,20180918,18.2546,18.905,17.9944,18.8616,19.1651,-0.30349999999999966,-1.5836,267531.35,114165.843,4.336
002666.SZ,20180919,18.5147,18.9483,18.2546,18.9483,18.8616,0.08670000000000044,0.4597,232844.72,99651.407,4.336
002666.SZ,20180920,18.7315,19.2952,18.4714,18.5581,18.9483,-0.3902000000000001,-2.0593,184960.02,80235.424,4.336
002666.SZ,20180921,18.3846,18.6014,18.1678,18.5581,18.5581,0.0,0.0,135778.44,57531.241,4.336
002666.SZ,20180925,18.2546,18.3846,18.0811,18.2112,18.5581,-0.346899999999998,-1.8693,87623.0,36843.116,4.336
002666.SZ,20180926,18.2979,18.2979,17.8643,18.1678,18.2112,-0.04340000000000188,-0.2383,97897.45,40829.82,4.336
002666.SZ,20180927,18.0811,18.0811,17.6042,17.6042,18.1678,-0.563600000000001,-3.1022,87511.63,36092.815,4.336
002666.SZ,20180928,17.7342,18.0378,17.6042,17.8643,17.6042,0.26010000000000133,1.4775,63096.0,25942.954,4.336
002666.SZ,20181008,17.6042,18.0811,17.5174,17.6475,17.8643,-0.21679999999999922,-1.2136,72962.0,29963.357,4.336
002666.SZ,20181009,17.6475,18.2979,17.6475,18.2546,17.6475,0.6070999999999991,3.4401,87537.44,36292.413,4.336
002666.SZ,20181010,18.2546,18.428,17.9077,18.0811,18.2546,-0.17350000000000065,-0.9504,63355.0,26458.182,4.336
002666.SZ,20181011,17.3006,17.4307,16.26,16.26,18.0811,-1.8210999999999977,-10.0718,130382.9,50304.466,4.336
002666.SZ,20181012,15.9565,16.2166,14.8291,15.6963,16.26,-0.5637000000000008,-3.4668,90960.2,32653.506,4.336
002666.SZ,20181015,15.7397,15.8264,15.2194,15.2627,15.6963,-0.4336000000000002,-2.7624,38450.9,13748.492,4.336
002666.SZ,20181016,15.2627,15.4795,14.7858,15.0026,15.2627,-0.26010000000000133,-1.7042,30954.0,10836.349,4.336
002666.SZ,20181017,15.4362,15.4362,14.8291,15.176,15.0026,0.1734000000000009,1.1558,29804.0,10402.925,4.336
002666.SZ,20181018,14.9158,15.0459,14.6123,14.6123,15.176,-0.5637000000000008,-3.7144,32515.41,11108.66,4.336
002666.SZ,20181019,14.3088,14.9158,14.2221,14.7858,14.6123,0.17350000000000065,1.1874,38127.0,12872.198,4.336
002666.SZ,20181022,14.9158,15.6096,14.9158,15.4362,14.7858,0.6503999999999994,4.3988,65845.0,23293.07,4.336
002666.SZ,20181023,15.4362,15.4795,15.0459,15.1326,15.4362,-0.3035999999999994,-1.9668,44895.02,15792.673,4.336
002666.SZ,20181024,15.0026,15.4795,15.0026,15.2627,15.1326,0.13010000000000055,0.8597,36530.0,12827.571,4.336
002666.SZ,20181025,14.8725,15.4362,14.6557,15.3494,15.2627,0.08669999999999867,0.5681,39368.12,13679.656,4.336
002666.SZ,20181026,15.5229,15.783,15.4362,15.5662,15.3494,0.216800000000001,1.4124,54187.63,19505.698,4.336
002666.SZ,20181029,15.5229,15.5229,15.2194,15.3061,15.5662,-0.26009999999999955,-1.6709,26315.0,9322.633,4.336
002666.SZ,20181030,15.2194,15.6096,15.0893,15.5662,15.3061,0.26009999999999955,1.6993,41007.44,14576.833,4.336
002666.SZ,20181031,15.6096,15.783,15.4795,15.7397,15.5662,0.17349999999999888,1.1146,64683.0,23352.949,4.336
002666.SZ,20181101,15.783,15.9131,15.653,15.653,15.7397,-0.08669999999999867,-0.5508,61673.0,22423.06,4.336
002666.SZ,20181102,15.783,15.9998,15.7397,15.9998,15.653,0.3468,2.2155,68516.84,25076.405,4.336
002666.SZ,20181105,15.9565,16.3034,15.8264,16.1733,15.9998,0.17350000000000065,1.0844,66712.41,24666.858,4.336
002666.SZ,20181106,16.1733,16.26,15.9131,16.26,16.1733,0.08670000000000044,0.5361,43302.85,16052.492,4.336
002666.SZ,20181107,16.3467,16.3467,15.9998,16.1299,16.26,-0.13010000000000232,-0.8001,52852.0,19717.651,4.336
002666.SZ,20181108,16.3034,16.8237,16.0866,16.3034,16.1299,0.17350000000000065,1.0756,96259.0,36394.644,4.336
002666.SZ,20181109,16.1733,16.3901,16.0432,16.2166,16.3034,-0.08680000000000021,-0.5324,45224.12,16954.976,4.336
002666.SZ,20181112,16.8237,17.821,16.8237,17.821,16.2166,1.6044000000000018,9.8936,104993.41,43084.975,4.336
002666.SZ,20181113,19.5987,19.5987,19.5987,19.5987,17.821,1.7776999999999994,9.9753,73890.24,33398.388,4.336
002666.SZ,20181114,20.3792,20.3792,18.4714,18.5581,19.5987,-1.0406000000000013,-5.3095,377504.44,167020.091,4.336
002666.SZ,20181115,18.0811,18.8182,17.8643,18.428,18.5581,-0.13009999999999877,-0.701,203059.08,85850.288,4.336
002666.SZ,20181116,18.428,19.1651,18.3413,18.9483,18.428,0.5202999999999989,2.8234,241028.77,104485.954,4.336
002666.SZ,20181119,18.7749,19.2952,18.3413,18.7315,18.9483,-0.21679999999999922,-1.1442,159594.04,68992.56,4.336
002666.SZ,20181120,18.428,19.512,18.3413,19.1218,18.7315,0.39029999999999987,2.0837,228833.52,100223.573,4.336
002666.SZ,20181121,18.0378,18.3846,17.3874,18.1678,19.1218,-0.9540000000000006,-4.9891,242774.28,100432.209,4.336
002666.SZ,20181122,18.0811,18.2979,17.9077,18.1678,18.1678,0.0,0.0,90855.8,37842.511,4.336
002666.SZ,20181123,18.1245,18.1245,16.6069,16.737,18.1678,-1.4308000000000014,-7.8755,152258.2,60460.317,4.336
002666.SZ,20181126,16.6936,17.0405,16.5635,16.9104,16.737,0.1734000000000009,1.036,58100.2,22595.236,4.336
002666.SZ,20181127,17.0405,17.5174,16.9971,17.4741,16.9104,0.5637000000000008,3.3335,79962.52,31729.454,4.336
002666.SZ,20181128,17.344,17.5608,16.7803,17.4741,17.4741,0.0,0.0,80877.2,32197.009,4.336
002666.SZ,20181129,17.5608,17.5608,16.8237,16.8237,17.4741,-0.6504000000000012,-3.7221,74154.48,29447.509,4.336
002666.SZ,20181130,16.6936,17.2139,16.6936,17.1706,16.8237,0.34690000000000154,2.062,56895.13,22331.001,4.336
002666.SZ,20181203,17.6042,17.9077,17.4307,17.7776,17.1706,0.6069999999999993,3.5351,106415.33,43417.891,4.336
002666.SZ,20181204,17.6909,17.951,17.6042,17.9077,17.7776,0.13009999999999877,0.7318,93745.02,38560.571,4.336
002666.SZ,20181205,17.3874,19.6854,17.1706,19.6854,17.9077,1.777700000000003,9.927,329482.37,145804.123,4.336
002666.SZ,20181206,19.7288,20.119,18.6882,18.6882,19.6854,-0.997200000000003,-5.0657,397586.65,177487.786,4.336
002666.SZ,20181207,18.7315,18.9917,18.2546,18.3846,18.6882,-0.3035999999999994,-1.6246,166350.0,71291.836,4.336
002666.SZ,20181210,18.2546,18.3846,17.6909,17.8643,18.3846,-0.5202999999999989,-2.8301,112505.0,46615.164,4.336
002666.SZ,20181211,18.0378,18.5147,17.7776,18.3413,17.8643,0.4770000000000003,2.6701,138177.04,57906.559,4.336
002666.SZ,20181212,18.1678,19.1651,18.0811,18.8616,18.3413,0.5202999999999989,2.8368,208608.98,90336.623,4.336
002666.SZ,20181213,18.8616,18.9917,18.2979,18.6448,18.8616,-0.21679999999999922,-1.1494,141345.04,60631.481,4.336
002666.SZ,20181214,18.5581,18.6014,17.6475,17.6909,18.6448,-0.9539000000000009,-5.1162,136207.2,56626.69,4.336
002666.SZ,20181217,17.5174,17.951,17.4741,17.9077,17.6909,0.21679999999999922,1.2255,66158.0,27144.196,4.336
002666.SZ,20181218,17.8643,17.9077,17.344,17.6475,17.9077,-0.26019999999999754,-1.453,75936.68,30775.968,4.336
002666.SZ,20181219,17.6475,17.6909,17.4307,17.5608,17.6475,-0.08670000000000044,-0.4913,44946.56,18190.073,4.336
002666.SZ,20181220,17.3874,17.9944,17.3874,17.951,17.5608,0.3902000000000001,2.222,82885.52,33975.361,4.336
002666.SZ,20181221,17.7776,17.8643,17.4307,17.5608,17.951,-0.3902000000000001,-2.1737,58101.0,23594.882,4.336
002666.SZ,20181224,17.6042,17.7342,17.4307,17.6909,17.5608,0.13009999999999877,0.7409,40862.68,16595.36,4.336
002666.SZ,20181225,17.4741,17.4741,16.6502,17.2139,17.6909,-0.4770000000000003,-2.6963,78049.0,30634.48,4.336
002666.SZ,20181226,17.2139,17.3006,17.0405,17.2139,17.2139,0.0,0.0,40442.68,16017.932,4.336
002666.SZ,20181227,17.4741,17.5608,16.5202,16.6069,17.2139,-0.6069999999999993,-3.5262,51856.0,20423.862,4.336
002666.SZ,20181228,16.6069,16.867,16.6069,16.6936,16.6069,0.08670000000000044,0.5221,30646.0,11834.006,4.336
002666.SZ,20190102,16.737,16.9104,16.5635,16.6502,16.6936,-0.04339999999999833,-0.26,32442.0,12503.5,4.336
002666.SZ,20190103,16.6502,16.8237,16.6069,16.6936,16.6502,0.04339999999999833,0.2607,33202.0,12798.712,4.336
002666.SZ,20190104,16.5202,17.2573,16.3467,17.1272,16.6936,0.43359999999999843,2.5974,70583.68,27522.323,4.336
002666.SZ,20190107,17.3006,17.5608,17.0838,17.5608,17.1272,0.433600000000002,2.5316,79184.68,31698.962,4.336
002666.SZ,20190108,17.5608,17.5608,17.3006,17.4307,17.5608,-0.13009999999999877,-0.7409,63673.0,25568.576,4.336
002666.SZ,20190109,17.4741,18.2546,17.3874,17.7342,17.4307,0.30349999999999966,1.7412,182929.26,75236.071,4.336
002666.SZ,20190110,17.7776,18.5147,17.5608,17.8643,17.7342,0.13009999999999877,0.7336,157856.24,65348.146,4.336
002666.SZ,20190111,17.7776,17.8643,17.4307,17.821,17.8643,-0.04329999999999856,-0.2424,102303.24,41575.038,4.336
002666.SZ,20190114,17.7776,17.7776,17.4741,17.5608,17.821,-0.2602000000000011,-1.4601,50667.0,20525.711,4.336
002666.SZ,20190115,17.4741,17.9944,17.4741,17.8643,17.5608,0.30349999999999966,1.7283,87611.02,35955.65,4.336
002666.SZ,20190116,17.9077,18.1245,17.6042,17.7776,17.8643,-0.08670000000000044,-0.4853,58659.06,24121.077,4.336
002666.SZ,20190117,17.7342,18.0378,17.5608,17.7776,17.7776,0.0,0.0,93273.89,38318.829,4.336
002666.SZ,20190118,17.821,17.9077,17.5608,17.6475,17.7776,-0.13009999999999877,-0.7318,78906.0,32257.343,4.336
002666.SZ,20190121,17.6909,17.951,17.6042,17.7342,17.6475,0.08670000000000044,0.4913,49383.0,20271.765,4.336
002666.SZ,20190122,17.7342,17.821,17.4307,17.5174,17.7342,-0.21680000000000277,-1.2225,53118.0,21578.917,4.336
002666.SZ,20190123,17.5174,17.6042,17.344,17.6042,17.5174,0.08680000000000021,0.4955,40429.0,16310.356,4.336
002666.SZ,20190124,17.6475,18.428,17.5174,18.1245,17.6042,0.5203000000000024,2.9555,167502.26,69578.438,4.336
002666.SZ,20190125,18.1245,18.3846,17.7776,18.0811,18.1245,-0.04340000000000188,-0.2395,149448.96,62485.396,4.336
002666.SZ,20190128,18.0378,19.9022,17.9944,19.9022,18.0811,1.8211000000000013,10.0718,369885.27,163724.214,4.336
002666.SZ,20190129,19.8589,20.3358,18.6448,19.5554,19.9022,-0.3468000000000018,-1.7425,438239.06,197794.938,4.336
002666.SZ,20190130,19.0784,20.1624,17.9944,19.6421,19.5554,0.08670000000000044,0.4434,407055.23,182548.547,4.336
002666.SZ,20190131,19.2518,20.2491,18.7749,19.0784,19.6421,-0.5637000000000008,-2.8699,506437.67,229270.125,4.336
002666.SZ,20190201,18.5147,19.9456,18.5147,19.1218,19.0784,0.04340000000000188,0.2275,399306.15,177421.56,4.336
002666.SZ,20190211,19.1218,19.6421,18.905,19.6421,19.1218,0.5202999999999989,2.721,339961.17,150803.693,4.336
002666.SZ,20190212,19.4253,19.7722,19.2085,19.6854,19.6421,0.043300000000002115,0.2204,253157.19,113591.438,4.336
002666.SZ,20190213,19.5554,20.9429,19.4686,20.4659,19.6854,0.7805,3.9649,436708.67,204491.304,4.336
002666.SZ,20190214,20.119,20.2058,19.8155,19.9456,20.4659,-0.5203000000000024,-2.5423,257262.5,118871.413,4.336
002666.SZ,20190215,20.0323,20.2925,19.3386,19.3819,19.9456,-0.5636999999999972,-2.8262,221934.0,101098.518,4.336
002666.SZ,20190218,19.3819,19.9022,19.2952,19.9022,19.3819,0.5202999999999989,2.6845,196547.32,89116.265,4.336
002666.SZ,20190219,19.9456,20.0757,19.0784,19.5987,19.9022,-0.30349999999999966,-1.525,236087.15,106770.372,4.336
002666.SZ,20190220,19.4253,19.9022,19.2518,19.6854,19.5987,0.08670000000000044,0.4424,131813.17,59465.589,4.336
002666.SZ,20190221,19.6854,19.9456,19.2518,19.2952,19.6854,-0.3902000000000001,-1.9822,174367.0,79117.456,4.336
002666.SZ,20190222,19.2518,19.8155,19.1651,19.7722,19.2952,0.4770000000000003,2.4721,146918.14,66197.218,4.336
002666.SZ,20190225,19.8589,20.7261,19.6854,20.6827,19.7722,0.910499999999999,4.605,310670.34,145166.169,4.336
002666.SZ,20190226,20.6827,22.1136,20.0757,20.8128,20.6827,0.13009999999999877,0.629,353768.2,170382.726,4.336
002666.SZ,20190227,20.9862,21.5499,20.5526,21.0296,20.8128,0.21679999999999922,1.0417,275520.92,134037.64,4.336
002666.SZ,20190228,21.073,22.9808,21.0296,22.0702,21.0296,1.0406000000000013,4.9483,310919.61,156923.142,4.336
002666.SZ,20190301,21.8968,22.1136,21.1163,21.5933,22.0702,-0.47690000000000055,-2.1608,189148.42,93690.489,4.336
002666.SZ,20190304,21.68,21.9835,21.3331,21.5933,21.5933,0.0,0.0,234533.39,117232.066,4.336
002666.SZ,20190305,21.6366,22.5472,21.3765,22.3304,21.5933,0.7371000000000016,3.4136,232811.79,117705.567,4.336
002666.SZ,20190306,22.5038,22.5472,21.7667,22.5038,22.3304,0.17339999999999733,0.7765,248766.17,127339.412,4.336
002666.SZ,20190307,22.3738,22.8941,22.0702,22.7206,22.5038,0.21680000000000277,0.9634,254645.28,131944.94,4.336
002666.SZ,20190308,22.2437,22.3304,20.8995,21.073,22.7206,-1.6476000000000006,-7.2516,239739.0,120202.643,4.336
002666.SZ,20190311,21.0296,21.8968,21.0296,21.8968,21.073,0.8237999999999985,3.9093,156232.84,77468.61,4.336
002666.SZ,20190312,21.9835,22.8507,21.8968,22.3738,21.8968,0.4770000000000003,2.1784,268436.79,138431.834,4.336
002666.SZ,20190313,22.3738,23.5011,22.1136,22.3304,22.3738,-0.04339999999999833,-0.194,301324.68,158185.75,4.336
002666.SZ,20190314,21.8968,22.0269,20.7261,21.073,22.3304,-1.2574000000000005,-5.6309,228447.0,112042.565,4.336
002666.SZ,20190315,21.2898,21.5499,20.9862,21.2898,21.073,0.21679999999999922,1.0288,115170.85,56535.857,4.336
002666.SZ,20190318,21.3331,21.8101,21.3331,21.8101,21.2898,0.5202999999999989,2.4439,117526.52,58576.247,4.336
002666.SZ,20190319,21.8968,21.8968,21.4198,21.6366,21.8101,-0.1734999999999971,-0.7955,120862.0,60342.667,4.336
002666.SZ,20190320,21.6366,22.157,21.3331,22.157,21.6366,0.5203999999999986,2.4052,177088.0,89122.482,4.336
002666.SZ,20190321,22.0702,23.0675,21.9402,22.8074,22.157,0.6504000000000012,2.9354,266778.0,139111.634,4.336
002666.SZ,20190322,22.5906,22.764,22.2437,22.764,22.8074,-0.04340000000000188,-0.1903,142310.02,73875.542,4.336
002666.SZ,20190325,22.3304,22.5038,22.0702,22.1136,22.764,-0.6503999999999976,-2.8571,119201.5,61279.083,4.336
002666.SZ,20190326,22.157,22.3304,20.9429,21.1163,22.1136,-0.9973000000000027,-4.5099,141047.04,70250.196,4.336
002666.SZ,20190327,21.073,21.3765,20.596,20.9429,21.1163,-0.17339999999999733,-0.8212,80083.43,38588.01,4.336
002666.SZ,20190328,21.0296,21.5066,20.8562,20.9429,20.9429,0.0,0.0,84642.0,41129.697,4.336
002666.SZ,20190329,20.8128,21.5933,20.3358,21.5499,20.9429,0.6069999999999993,2.8984,112268.68,54681.123,4.336
002666.SZ,20190401,21.5933,22.2003,21.5933,22.157,21.5499,0.6070999999999991,2.8172,135506.03,68785.361,4.336
002666.SZ,20190402,22.287,22.4171,22.0702,22.2437,22.157,0.08670000000000044,0.3913,120145.08,61686.238,4.336
002666.SZ,20190403,22.4605,22.8507,22.2437,22.6339,22.2437,0.3902000000000001,1.7542,152602.72,79291.742,4.336
002666.SZ,20190404,23.0675,23.2843,22.4171,22.9808,22.6339,0.346899999999998,1.5327,204880.93,108067.251,4.336
002666.SZ,20190408,23.371,24.0214,22.6339,23.1542,22.9808,0.1734000000000009,0.7545,255930.01,137736.387,4.336
002666.SZ,20190409,22.6773,22.9808,22.2437,22.5906,23.1542,-0.563600000000001,-2.4341,148575.29,77298.835,4.336
002666.SZ,20190410,22.2437,22.8941,22.2437,22.764,22.5906,0.1734000000000009,0.7676,124711.18,65266.978,4.336
002666.SZ,20190411,22.8074,22.9808,21.9835,22.2003,22.764,-0.5637000000000008,-2.4763,133550.02,69007.38,4.336
002666.SZ,20190412,22.2003,22.287,21.7234,22.0269,22.2003,-0.17339999999999733,-0.7811,95625.05,48494.655,4.336
002666.SZ,20190415,22.2003,22.5038,21.68,21.68,22.0269,-0.34690000000000154,-1.5749,76142.0,38925.77,4.336
002666.SZ,20190416,21.4632,22.6339,21.4198,22.5038,21.68,0.8237999999999985,3.7998,117038.67,59423.708,4.336
002666.SZ,20190417,22.5472,23.1542,22.287,23.0675,22.5038,0.5637000000000008,2.5049,201186.29,105736.74,4.336
002666.SZ,20190418,23.2843,24.5418,22.6773,23.9347,23.0675,0.8672000000000004,3.7594,431105.63,236457.822,4.336
002666.SZ,20190419,23.6312,23.7613,22.7206,23.241,23.9347,-0.6936999999999998,-2.8983,274376.49,146651.819,4.336
002666.SZ,20190422,23.1109,24.1515,23.1109,23.848,23.241,0.6069999999999993,2.6118,261744.0,142815.691,4.336
002666.SZ,20190423,23.7613,26.2328,23.3277,26.2328,23.848,2.384800000000002,10.0,461422.21,273959.095,4.336
002666.SZ,20190424,28.0973,28.8778,27.8371,28.8778,26.2328,2.6449999999999996,10.0828,287594.4,188845.485,4.336
002666.SZ,20190425,30.1352,30.1352,26.2762,26.7965,28.8778,-2.081299999999999,-7.2073,1045011.07,685390.58,4.336
002666.SZ,20190426,24.4117,25.1488,24.1082,24.1082,26.7965,-2.6883000000000017,-10.0323,622886.12,350796.287,4.336
002666.SZ,20190429,23.1976,23.5011,22.0269,22.0702,24.1082,-2.0380000000000003,-8.4536,367586.55,191668.666,4.336
002666.SZ,20190430,21.7234,22.6339,21.68,22.4171,22.0702,0.34690000000000154,1.5718,163220.91,83936.793,4.336
002666.SZ,20190506,21.68,21.9835,20.1624,20.596,22.4171,-1.8211000000000013,-8.1237,228604.72,111344.663,4.336
002666.SZ,20190507,20.6827,21.203,20.1624,20.8562,20.596,0.2602000000000011,1.2634,218743.78,104808.588,4.336
002666.SZ,20190508,20.7189,21.0405,19.7542,20.4433,20.8568,-0.4134999999999991,-1.9826,163746.0,73209.369,4.594
002666.SZ,20190509,20.2136,20.5811,19.938,20.3974,20.4433,-0.04589999999999961,-0.2245,106808.36,47354.231,4.594
002666.SZ,20190510,20.5811,21.3162,20.1217,21.2702,20.3974,0.872799999999998,4.279,201538.18,91488.607,4.594
002666.SZ,20190513,20.8108,20.9946,20.6271,20.7649,21.2702,-0.5052999999999983,-2.3756,122219.0,55352.122,4.594
002666.SZ,20190514,20.2595,22.5106,20.2595,21.6837,20.7649,0.918800000000001,4.4248,215338.75,99614.05,4.594
002666.SZ,20190515,21.7296,22.8322,21.6837,22.0053,21.6837,0.32159999999999656,1.4831,230478.63,111551.998,4.594
002666.SZ,20190516,21.7756,22.0512,21.5459,21.8215,22.0053,-0.18379999999999797,-0.8353,142025.92,67195.236,4.594
002666.SZ,20190517,21.8215,21.9134,20.1217,20.3055,21.8215,-1.5160000000000018,-6.9473,173800.02,79109.404,4.594
002666.SZ,20190520,19.938,20.2595,19.6164,20.0758,20.3055,-0.22969999999999757,-1.1312,98408.61,42672.881,4.594
002666.SZ,20190521,20.1217,20.9946,20.0298,20.8108,20.0758,0.7349999999999994,3.6611,106263.52,47696.42,4.594
002666.SZ,20190522,20.8108,20.9027,20.3055,20.4892,20.8108,-0.3216000000000001,-1.5454,87527.72,39149.322,4.594
002666.SZ,20190523,20.3514,20.3514,19.6623,20.1217,20.4892,-0.3674999999999997,-1.7936,100170.0,43557.576,4.594
002666.SZ,20190524,21.2702,22.1431,20.7649,22.1431,20.1217,2.0214,10.0459,132708.73,63173.89,4.594
002666.SZ,20190527,23.7969,23.8888,22.4187,22.8781,22.1431,0.7349999999999994,3.3193,532971.73,266855.879,4.594
002666.SZ,20190528,21.9134,24.486,21.9134,23.1538,22.8781,0.2757000000000005,1.2051,463667.68,231858.034,4.594
002666.SZ,20190529,22.5565,23.3835,22.3728,22.6025,23.1538,-0.5513000000000012,-2.381,271405.15,134558.178,4.594
002666.SZ,20190530,22.5565,22.9241,21.408,22.189,22.6025,-0.4134999999999991,-1.8294,230584.84,110421.621,4.594
002666.SZ,20190531,22.0971,22.189,21.4999,21.4999,22.189,-0.6890999999999998,-3.1056,149344.86,70825.609,4.594
002666.SZ,20190603,21.3162,21.9134,20.9027,20.9027,21.4999,-0.5972000000000008,-2.7777,141842.0,65753.02,4.594
002666.SZ,20190604,20.7649,20.8108,20.1217,20.4433,20.9027,-0.4593999999999987,-2.1978,111758.0,49804.068,4.594
002666.SZ,20190605,20.5811,20.9946,20.4892,20.9946,20.4433,0.5512999999999977,2.6967,106850.0,48302.808,4.594
002666.SZ,20190606,21.0865,21.2702,20.4433,20.6271,20.9946,-0.3674999999999997,-1.7505,93984.0,42537.036,4.594
002666.SZ,20190610,21.5918,21.7756,20.7189,21.2243,20.6271,0.5972000000000008,2.8952,103821.0,47857.891,4.594
002666.SZ,20190611,20.9946,21.9593,20.8108,21.7756,21.2243,0.5513000000000012,2.5975,174850.55,81913.28,4.594
002666.SZ,20190612,21.6377,23.7969,21.5459,22.4187,21.7756,0.6431000000000004,2.9533,302868.94,148429.317,4.594
002666.SZ,20190613,22.0971,23.0159,21.6837,22.6944,22.4187,0.2757000000000005,1.2298,253190.0,123445.202,4.594
002666.SZ,20190614,22.6025,22.6484,21.2243,21.3621,22.6944,-1.3323,-5.8706,163722.0,78401.852,4.594
002666.SZ,20190617,21.3621,21.5918,21.0405,21.408,21.3621,0.04589999999999961,0.2149,65417.0,30479.958,4.594
002666.SZ,20190618,21.454,21.5918,20.9486,21.0865,21.408,-0.32150000000000034,-1.5018,66170.0,30459.12,4.594
002666.SZ,20190619,21.5918,21.7296,21.3162,21.3162,21.0865,0.22969999999999757,1.0893,92754.0,43435.67,4.594
002666.SZ,20190620,21.3162,21.8215,21.0405,21.6837,21.3162,0.36750000000000327,1.724,104032.0,48678.415,4.594
002666.SZ,20190621,21.8674,22.189,21.7296,22.0053,21.6837,0.32159999999999656,1.4831,129208.0,61878.237,4.594
002666.SZ,20190624,21.9134,22.6025,21.9134,22.3268,22.0053,0.32150000000000034,1.461,159392.78,77100.064,4.594
002666.SZ,20190625,24.5779,24.5779,22.6484,22.7862,22.3268,0.45940000000000225,2.0576,471878.34,242407.15,4.594
002666.SZ,20190626,22.3728,22.6025,21.7296,22.0971,22.7862,-0.6890999999999998,-3.0242,228476.84,110321.037,4.594
002666.SZ,20190627,21.9134,22.8781,21.8674,22.6025,22.0971,0.5053999999999981,2.2872,211572.5,103724.953,4.594
002666.SZ,20190628,22.3268,22.7403,21.9593,22.2809,22.6025,-0.3216000000000001,-1.4229,122776.0,59418.168,4.594
002666.SZ,20190701,22.8322,22.8781,22.5106,22.7403,22.2809,0.45940000000000225,2.0619,165470.54,81786.609,4.594
002666.SZ,20190702,22.6944,22.6944,22.3268,22.5106,22.7403,-0.22970000000000113,-1.0101,101494.18,49739.897,4.594
002666.SZ,20190703,22.3728,22.3728,21.9593,22.0512,22.5106,-0.4593999999999987,-2.0408,83444.18,40183.576,4.594
002666.SZ,20190704,22.1431,22.235,21.9593,22.189,22.0512,0.1377999999999986,0.6249,65910.0,31663.521,4.594
002666.SZ,20190705,22.189,22.235,22.0053,22.235,22.189,0.045999999999999375,0.2073,52309.18,25229.653,4.594
002666.SZ,20190708,22.0971,22.1431,20.7189,20.7649,22.235,-1.4700999999999986,-6.6116,130959.0,60389.626,4.594
002666.SZ,20190709,20.7649,20.9946,20.3514,20.8568,20.7649,0.09189999999999898,0.4426,73332.52,33049.714,4.594
002666.SZ,20190710,20.9027,20.9486,20.4433,20.4892,20.8568,-0.3675999999999995,-1.7625,57335.0,25781.772,4.594
002666.SZ,20190711,20.5352,20.8568,20.4892,20.673,20.4892,0.18379999999999797,0.8971,60015.16,26975.513,4.594
002666.SZ,20190712,20.6271,20.8568,20.5811,20.6271,20.673,-0.04589999999999961,-0.222,46125.33,20807.236,4.594
002666.SZ,20190715,20.7189,21.1324,20.2136,21.0405,20.6271,0.4134000000000029,2.0042,74803.33,33821.779,4.594
002666.SZ,20190716,21.2243,21.5918,21.0865,21.1783,21.0405,0.1377999999999986,0.6549,85057.37,39425.756,4.594
002666.SZ,20190717,21.0405,21.2702,20.9946,21.0405,21.1783,-0.1377999999999986,-0.6507,47995.0,22037.121,4.594
002666.SZ,20190718,20.8568,20.9027,20.4433,20.4892,21.0405,-0.5513000000000012,-2.6202,52370.02,23482.407,4.594
002666.SZ,20190719,20.5811,20.8108,20.3974,20.4433,20.4892,-0.04589999999999961,-0.224,45577.0,20458.395,4.594
002666.SZ,20190722,20.3514,20.3974,19.5704,19.6623,20.4433,-0.7810000000000024,-3.8203,84406.38,36488.389,4.594
002666.SZ,20190723,19.6623,20.1217,19.6164,20.0758,19.6623,0.41350000000000264,2.103,37908.0,16440.759,4.594
002666.SZ,20190724,20.8108,20.9027,20.5352,20.5811,20.0758,0.5052999999999983,2.517,88615.0,39923.285,4.594
002666.SZ,20190725,20.3514,20.7189,20.3514,20.4433,20.5811,-0.1377999999999986,-0.6695,50968.02,22777.887,4.594
002666.SZ,20190726,20.5352,20.5811,20.3514,20.4892,20.4433,0.04589999999999961,0.2245,39583.0,17659.124,4.594
002666.SZ,20190729,20.3974,20.7649,20.2595,20.5352,20.4892,0.045999999999999375,0.2245,36794.0,16457.278,4.594
002666.SZ,20190730,20.673,20.7649,20.5352,20.673,20.5352,0.1377999999999986,0.671,41393.02,18609.239,4.594
002666.SZ,20190731,20.673,20.673,20.3055,20.3514,20.673,-0.32159999999999656,-1.5557,35626.37,15854.485,4.594
002666.SZ,20190801,20.2595,20.5811,20.1677,20.4892,20.3514,0.1377999999999986,0.6771,41030.0,18238.074,4.594
002666.SZ,20190802,20.0758,20.2136,19.7542,20.0298,20.4892,-0.4593999999999987,-2.2422,49526.02,21601.826,4.594
002666.SZ,20190805,20.1217,20.1677,19.6164,19.7083,20.0298,-0.32150000000000034,-1.6051,43034.02,18604.908,4.594
002666.SZ,20190806,19.0192,19.2948,18.3301,19.2489,19.7083,-0.45940000000000225,-2.331,94800.0,38920.42,4.594
002666.SZ,20190807,19.3407,19.4326,18.8354,18.8354,19.2489,-0.4134999999999991,-2.1482,40798.0,16959.647,4.594
002666.SZ,20190808,19.157,19.157,18.8813,18.9273,18.8354,0.09189999999999898,0.4879,25646.63,10586.652,4.594
002666.SZ,20190809,18.9732,19.2489,18.5138,18.5598,18.9273,-0.3674999999999997,-1.9416,32937.02,13488.075,4.594
002666.SZ,20190812,18.5598,18.8813,18.4219,18.8813,18.5598,0.32150000000000034,1.7322,27093.02,11001.697,4.594
002666.SZ,20190813,18.6976,18.7895,18.5598,18.6976,18.8813,-0.1836999999999982,-0.9729,20014.02,8129.523,4.594
002666.SZ,20190814,18.9273,19.111,18.7435,18.8354,18.6976,0.1377999999999986,0.737,30165.0,12403.781,4.594
002666.SZ,20190815,18.376,19.0192,18.1463,18.8354,18.8354,0.0,0.0,57624.29,23180.991,4.594
002666.SZ,20190816,18.7895,19.0192,18.6976,18.8813,18.8354,0.04589999999999961,0.2437,47714.22,19602.106,4.594
002666.SZ,20190819,18.9732,19.5704,18.9273,19.4786,18.8813,0.5973000000000006,3.1634,71562.78,30091.166,4.594
002666.SZ,20190820,19.3867,19.8461,19.3407,19.3407,19.4786,-0.1379000000000019,-0.708,51742.12,22015.876,4.594
002666.SZ,20190821,19.3407,19.7542,19.3407,19.5245,19.3407,0.18380000000000152,0.9503,42513.93,18084.635,4.594
002666.SZ,20190822,19.5704,19.5704,19.3407,19.5245,19.5245,0.0,0.0,29574.05,12536.424,4.594
002666.SZ,20190823,19.5245,19.5704,19.2948,19.4326,19.5245,-0.09189999999999898,-0.4707,28229.0,11952.679,4.594
002666.SZ,20190826,18.9732,19.3867,18.8813,19.3407,19.4326,-0.09190000000000254,-0.4729,34315.0,14299.303,4.594
002666.SZ,20190827,19.3867,19.8461,19.3407,19.8001,19.3407,0.45940000000000225,2.3753,56469.76,24169.977,4.594
002666.SZ,20190828,19.8001,20.0758,19.7542,19.892,19.8001,0.09189999999999898,0.4641,58307.76,25322.107,4.594
002666.SZ,20190829,20.1217,20.3514,19.938,20.1217,19.892,0.22970000000000113,1.1547,67517.0,29594.003,4.594
002666.SZ,20190830,20.0758,21.5918,20.0758,20.2595,20.1217,0.1377999999999986,0.6848,166000.78,74975.373,4.594
002666.SZ,20190902,20.0758,20.673,19.9839,20.5811,20.2595,0.3216000000000001,1.5874,95791.16,42496.158,4.594
002666.SZ,20190903,20.6271,20.7189,20.3514,20.5352,20.5811,-0.04589999999999961,-0.223,53237.62,23792.763,4.594
002666.SZ,20190904,20.5352,20.9486,20.4433,20.9486,20.5352,0.4133999999999993,2.0131,73421.0,33192.443,4.594
002666.SZ,20190905,20.9486,21.1783,20.8108,20.8108,20.9486,-0.1377999999999986,-0.6578,94942.0,43375.433,4.594
002666.SZ,20190906,20.9027,21.1324,20.8108,20.9486,20.8108,0.1377999999999986,0.6622,56316.17,25659.049,4.594
002666.SZ,20190909,21.0405,21.454,20.9946,21.408,20.9486,0.45940000000000225,2.193,93465.35,43282.86,4.594
002666.SZ,20190910,21.3162,21.7296,21.3162,21.5918,21.408,0.18379999999999797,0.8586,88763.3,41625.191,4.594
002666.SZ,20190911,21.6377,22.0053,21.4999,21.8215,21.5918,0.22970000000000113,1.0638,84830.0,40300.269,4.594
002666.SZ,20190912,21.7296,22.0053,21.5459,22.0053,21.8215,0.18379999999999797,0.8423,59320.2,28181.006,4.594
002666.SZ,20190916,22.0053,22.4187,21.9593,22.235,22.0053,0.22970000000000113,1.0438,92324.44,44534.575,4.594
002666.SZ,20190917,22.3268,22.3268,21.2702,21.2702,22.235,-0.9648000000000003,-4.3391,113543.3,53378.271,4.594
002666.SZ,20190918,21.5459,21.9593,21.408,21.6837,21.2702,0.41350000000000264,1.944,93104.53,43968.747,4.594
002666.SZ,20190919,21.7756,22.0053,21.454,22.0053,21.6837,0.32159999999999656,1.4831,73931.61,34976.772,4.594
002666.SZ,20190920,21.9593,22.0512,21.2702,21.3162,22.0053,-0.6890999999999998,-3.1315,90389.06,42355.827,4.594
002666.SZ,20190923,21.2243,22.0512,21.1324,21.8674,21.3162,0.5512000000000015,2.5858,113036.13,53351.67,4.594
002666.SZ,20190924,21.7296,21.8215,21.408,21.5918,21.8674,-0.27560000000000073,-1.2603,83744.0,39383.026,4.594
002666.SZ,20190925,21.454,21.6377,20.9027,21.0865,21.5918,-0.5052999999999983,-2.3402,67215.0,30944.22,4.594
002666.SZ,20190926,21.1324,21.3621,20.673,21.0405,21.0865,-0.045999999999999375,-0.2181,74984.0,34335.024,4.594
002666.SZ,20190927,20.8568,21.5459,20.7649,21.2243,21.0405,0.18379999999999797,0.8736,56366.51,26117.884,4.594
002666.SZ,20190930,21.2243,21.3621,20.8108,20.9946,21.2243,-0.22970000000000113,-1.0823,43795.77,20028.539,4.594
002666.SZ,20191008,20.9027,20.9486,20.3514,20.5811,20.9946,-0.4134999999999991,-1.9696,45212.0,20285.148,4.594
002666.SZ,20191009,20.4433,20.7189,20.1677,20.673,20.5811,0.09189999999999898,0.4465,42055.0,18739.471,4.594
002666.SZ,20191010,20.7649,21.0405,20.4433,20.9027,20.673,0.22970000000000113,1.1111,52882.02,23979.936,4.594
002666.SZ,20191011,20.9027,21.2243,20.6271,20.9946,20.9027,0.09189999999999898,0.4397,64043.0,29216.578,4.594
002666.SZ,20191014,21.1783,21.4999,20.9946,21.3621,20.9946,0.36750000000000327,1.7505,71489.0,33123.278,4.594
002666.SZ,20191015,21.408,23.5213,21.0865,22.4647,21.3621,1.102599999999999,5.1615,542345.49,271788.541,4.594
002666.SZ,20191016,21.7296,22.0053,20.7189,20.7649,22.4647,-1.6997999999999998,-7.5665,434273.43,200524.777,4.594
002666.SZ,20191017,20.5352,20.7649,20.0298,20.0298,20.7649,-0.7350999999999992,-3.5401,192168.02,85094.987,4.594
002666.SZ,20191018,20.0298,20.3514,19.6164,19.8461,20.0298,-0.18370000000000175,-0.9171,99959.09,43506.586,4.594
002666.SZ,20191021,19.8461,19.938,19.3867,19.892,19.8461,0.04589999999999961,0.2313,77280.0,33061.452,4.594
002666.SZ,20191022,19.938,19.9839,19.6623,19.938,19.892,0.045999999999999375,0.2312,60800.23,26213.789,4.594
002666.SZ,20191023,19.9839,20.2136,19.892,19.9839,19.938,0.04589999999999961,0.2302,71768.0,31329.755,4.594
002666.SZ,20191024,20.0298,20.0298,19.7083,19.8461,19.9839,-0.1377999999999986,-0.6896,54618.0,23620.731,4.594
002666.SZ,20191025,19.892,20.1217,19.6623,20.1217,19.8461,0.27560000000000073,1.3887,57242.76,24842.775,4.594
002666.SZ,20191028,20.2595,21.2243,20.0758,20.7189,20.1217,0.5972000000000008,2.9679,115648.82,51713.487,4.594
002666.SZ,20191029,20.7649,20.8108,20.2595,20.4892,20.7189,-0.22970000000000113,-1.1086,78057.0,34783.248,4.594
002666.SZ,20191030,20.4433,20.4433,19.8461,19.8461,20.4892,-0.6431000000000004,-3.1387,80583.0,35101.304,4.594
002666.SZ,20191031,19.8001,20.0298,19.8001,19.8461,19.8461,0.0,0.0,37166.4,16090.18,4.594
002666.SZ,20191101,19.5245,20.2595,19.5245,20.1217,19.8461,0.27560000000000073,1.3887,63839.0,27694.571,4.594
002666.SZ,20191104,20.1217,20.3514,19.9839,20.1217,20.1217,0.0,0.0,61708.0,27035.682,4.594
002666.SZ,20191105,20.1677,20.1677,19.8001,19.8461,20.1217,-0.27560000000000073,-1.3697,56540.0,24564.306,4.594
002666.SZ,20191106,19.892,20.0298,19.6164,19.7542,19.8461,-0.09189999999999898,-0.4631,53431.0,23035.807,4.594
002666.SZ,20191107,19.7083,19.8461,19.4326,19.6623,19.7542,-0.09190000000000254,-0.4652,57361.0,24518.7,4.594
002666.SZ,20191108,19.8001,20.3514,19.5704,19.7542,19.6623,0.09190000000000254,0.4674,80508.4,34897.282,4.594
002666.SZ,20191111,19.6623,19.6623,18.9732,18.9732,19.7542,-0.7810000000000024,-3.9536,83039.4,34835.048,4.594
002666.SZ,20191112,19.0651,19.2029,18.8813,19.2029,18.9732,0.22970000000000113,1.2107,35897.0,14887.723,4.594
002666.SZ,20191113,19.157,19.3407,19.0651,19.157,19.2029,-0.04589999999999961,-0.239,27491.84,11489.482,4.594
002666.SZ,20191114,19.157,19.3407,19.111,19.2029,19.157,0.04589999999999961,0.2396,36322.0,15208.173,4.594
002666.SZ,20191115,19.157,19.2029,18.9273,18.9732,19.2029,-0.22970000000000113,-1.1962,34379.0,14235.997,4.594
002666.SZ,20191118,18.9273,19.0651,18.8354,19.0651,18.9732,0.09190000000000254,0.4844,28920.0,11933.541,4.594
002666.SZ,20191119,18.9732,19.4786,18.9732,19.4326,19.0651,0.3674999999999997,1.9276,40030.4,16803.271,4.594
002666.SZ,20191120,19.4326,19.5245,19.2489,19.2948,19.4326,-0.13780000000000214,-0.7091,35545.09,14996.286,4.594
002666.SZ,20191121,19.2029,19.3407,19.0651,19.3407,19.2948,0.04589999999999961,0.2379,24474.81,10252.798,4.594
002666.SZ,20191122,19.3407,19.5245,19.111,19.2029,19.3407,-0.1377999999999986,-0.7125,32310.0,13583.431,4.594
002666.SZ,20191125,19.2948,19.4326,19.111,19.4326,19.2029,0.22970000000000113,1.1962,29627.0,12430.569,4.594
002666.SZ,20191126,19.4786,19.4786,19.2948,19.4326,19.4326,0.0,0.0,23235.0,9789.3,4.594
002666.SZ,20191127,19.3407,19.3867,19.111,19.2029,19.4326,-0.22970000000000113,-1.182,22753.0,9542.983,4.594
002666.SZ,20191128,19.111,19.3407,19.0192,19.0651,19.2029,-0.1377999999999986,-0.7176,28178.0,11759.697,4.594
002666.SZ,20191129,19.2029,19.2489,18.9273,19.157,19.0651,0.09189999999999898,0.482,28077.93,11664.015,4.594
002666.SZ,20191202,19.2029,19.2948,19.0192,19.2948,19.157,0.1377999999999986,0.7193,30333.0,12668.572,4.594
002666.SZ,20191203,19.157,20.0298,19.0192,19.9839,19.2948,0.6890999999999998,3.5714,114800.4,49191.131,4.594
002666.SZ,20191204,19.6623,20.2136,19.6623,19.9839,19.9839,0.0,0.0,112486.68,48846.019,4.594
002666.SZ,20191205,20.1217,21.0405,20.0298,20.5811,19.9839,0.5972000000000008,2.9884,238108.54,106722.02,4.594
002666.SZ,20191206,20.4433,20.7649,20.2595,20.5352,20.5811,-0.04589999999999961,-0.223,158810.82,70812.601,4.594
002666.SZ,20191209,20.4433,20.4892,20.0298,20.1217,20.5352,-0.4134999999999991,-2.0136,121612.0,53577.558,4.594
002666.SZ,20191210,19.9839,21.7296,19.9839,21.5459,20.1217,1.424199999999999,7.0779,346636.17,159357.87,4.594
002666.SZ,20191211,21.1324,22.8781,20.8108,21.7296,21.5459,0.18370000000000175,0.8526,440865.84,207953.375,4.594
002666.SZ,20191212,21.3162,21.7296,21.0865,21.0865,21.7296,-0.6431000000000004,-2.9596,221173.54,102581.845,4.594
002666.SZ,20191213,21.2702,21.6837,21.0865,21.3621,21.0865,0.27560000000000073,1.307,186414.54,86769.694,4.594
002666.SZ,20191216,21.408,23.0159,21.3621,22.4187,21.3621,1.0565999999999995,4.9461,333218.45,161450.957,4.594
002666.SZ,20191217,22.2809,22.6944,21.8674,22.4187,22.4187,0.0,0.0,249494.07,121083.315,4.594
002666.SZ,20191218,22.0971,22.5565,21.9593,22.2809,22.4187,-0.13780000000000214,-0.6147,204618.3,98981.718,4.594
002666.SZ,20191219,22.2809,22.2809,21.8215,22.0512,22.2809,-0.22969999999999757,-1.0309,149482.25,71674.129,4.594
002666.SZ,20191220,22.0971,22.7403,21.8674,22.189,22.0512,0.1377999999999986,0.6249,254151.71,123843.228,4.594
002666.SZ,20191223,22.0512,22.0971,20.8108,20.9027,22.189,-1.2863000000000007,-5.797,219782.09,101796.784,4.594
002666.SZ,20191224,20.9027,21.4999,20.9027,21.4999,20.9027,0.5972000000000008,2.857,150413.75,69728.765,4.594
002666.SZ,20191225,21.454,21.6837,21.2243,21.4999,21.4999,0.0,0.0,112286.2,52393.863,4.594
002666.SZ,20191226,21.4999,21.7296,21.2702,21.6837,21.4999,0.18380000000000152,0.8549,102363.68,47886.728,4.594
002666.SZ,20191227,21.5918,21.7296,21.2702,21.2702,21.6837,-0.41350000000000264,-1.907,91536.22,42800.489,4.594
002666.SZ,20191230,21.1324,21.6377,20.7189,21.5459,21.2702,0.2757000000000005,1.2962,107442.0,49675.579,4.594
002666.SZ,20191231,22.0512,22.7862,21.5918,21.7296,21.5459,0.18370000000000175,0.8526,185844.68,88825.272,4.594
002666.SZ,20200102,21.8215,22.5565,21.7296,22.3728,21.7296,0.6432000000000002,2.96,211167.99,102103.945,4.594
002666.SZ,20200103,22.235,22.4647,22.1431,22.3728,22.3728,0.0,0.0,149901.87,72781.103,4.594
002666.SZ,20200106,22.2809,24.2104,22.235,23.3835,22.3728,1.0107,4.5175,434218.33,219623.352,4.594
002666.SZ,20200107,24.2563,25.7264,23.4753,24.8995,23.3835,1.5159999999999982,6.4832,739351.85,399612.498,4.594
002666.SZ,20200108,24.3023,26.829,23.9347,25.4048,24.8995,0.5053000000000019,2.0294,702067.25,387923.408,4.594
002666.SZ,20200109,27.9315,27.9315,27.1505,27.9315,25.4048,2.526699999999998,9.9458,277394.42,168394.763,4.594
002666.SZ,20200110,27.9315,27.9315,25.4967,25.5886,27.9315,-2.3429,-8.388,651396.44,373226.87,4.594
002666.SZ,20200113,25.7264,28.1612,25.7264,28.1612,25.5886,2.5726000000000013,10.0537,562514.46,334443.711,4.594
002666.SZ,20200114,29.3557,30.596,28.1612,28.3909,28.1612,0.22969999999999757,0.8157,941362.47,600991.973,4.594
002666.SZ,20200115,28.9422,30.3663,27.4721,29.5394,28.3909,1.148500000000002,4.0453,698823.79,440392.077,4.594
002666.SZ,20200116,29.2178,30.5501,28.345,29.861,29.5394,0.3216000000000001,1.0887,516542.12,330989.345,4.594
002666.SZ,20200117,29.4016,30.1826,28.299,28.5747,29.861,-1.2863000000000007,-4.3076,404571.62,256250.512,4.594
002666.SZ,20200120,28.0234,28.7125,27.564,28.345,28.5747,-0.22970000000000113,-0.8039,326852.16,200103.559,4.594
002666.SZ,20200121,27.9775,28.1153,26.9668,27.0587,28.345,-1.2862999999999971,-4.538,276973.31,165382.229,4.594
002666.SZ,20200122,27.2424,28.6206,26.4155,28.2072,27.0587,1.1484999999999985,4.2445,348146.23,211198.246,4.594
002666.SZ,20200123,27.8856,29.1719,27.0127,27.6559,28.2072,-0.5513000000000012,-1.9545,287996.26,174926.446,4.594
002666.SZ,20200203,24.8995,24.8995,24.8995,24.8995,27.6559,-2.7563999999999993,-9.9668,30377.0,16464.334,4.594
002666.SZ,20200204,23.6591,26.829,23.6591,26.2317,24.8995,1.3322000000000003,5.3503,318737.02,179657.043,4.594
002666.SZ,20200205,27.2424,28.8503,26.6911,28.8503,26.2317,2.6186000000000007,9.9826,482075.7,299685.953,4.594
002666.SZ,20200206,27.564,31.7445,27.5181,31.7445,28.8503,2.894199999999998,10.0318,739274.15,482654.927,4.594
002666.SZ,20200207,31.6986,34.9144,30.8257,33.0768,31.7445,1.3323,4.1969,750021.14,539553.32,4.594
002666.SZ,20200210,33.4903,34.7766,31.8824,34.1334,33.0768,1.056600000000003,3.1944,493166.74,362720.086,4.594
002666.SZ,20200211,35.0982,35.1441,31.7445,32.5255,34.1334,-1.6079000000000008,-4.7106,382709.97,274450.452,4.594
002666.SZ,20200212,31.6986,33.1687,31.6986,32.5255,32.5255,0.0,0.0,323201.23,228762.14,4.594
002666.SZ,20200213,32.4336,32.4336,30.7798,31.2851,32.5255,-1.240400000000001,-3.8136,350560.24,240393.277,4.594
002666.SZ,20200214,31.7905,32.0202,30.1366,30.3663,31.2851,-0.918800000000001,-2.9369,302110.83,202805.639,4.594
002666.SZ,20200217,30.596,31.5148,30.2285,31.0095,30.3663,0.6432000000000002,2.1181,354585.9,237810.256,4.594
002666.SZ,20200218,31.1933,33.3065,31.0095,32.8471,31.0095,1.8375999999999983,5.9259,490942.61,345745.641,4.594
002666.SZ,20200219,33.5821,34.0875,31.4689,31.6067,32.8471,-1.2403999999999975,-3.7763,401910.64,284263.45,4.594
002666.SZ,20200220,31.6986,32.4796,30.3204,32.0202,31.6067,0.41350000000000264,1.3083,343801.47,236245.366,4.594
002666.SZ,20200221,31.6067,32.6174,31.2851,32.2958,32.0202,0.2755999999999972,0.8607,326201.88,227958.82,4.594
002666.SZ,20200224,31.9742,32.5255,31.6067,32.2958,32.2958,0.0,0.0,290174.65,202760.086,4.594
002666.SZ,20200225,31.1473,31.9283,29.861,31.5608,32.2958,-0.7349999999999994,-2.2758,354449.96,239664.242,4.594
002666.SZ,20200226,32.158,34.7306,32.158,33.72,31.5608,2.1591999999999985,6.8414,896059.67,668476.536,4.594
002666.SZ,20200227,32.6633,33.2606,30.3663,31.0095,33.72,-2.7104999999999997,-8.0383,735292.85,499821.659,4.594
002666.SZ,20200228,28.6206,29.7691,27.9315,27.9315,31.0095,-3.0779999999999994,-9.926,360232.85,225600.754,4.594
002666.SZ,20200302,28.6666,29.3097,28.299,28.8963,27.9315,0.9648000000000003,3.4542,213925.22,134419.412,4.594
002666.SZ,20200303,29.6313,30.6879,29.3097,29.9988,28.8963,1.1024999999999991,3.8154,353276.76,230199.822,4.594
002666.SZ,20200304,29.4016,29.9988,28.7125,29.4475,29.9988,-0.5512999999999977,-1.8377,211105.9,134633.318,4.594
002666.SZ,20200305,29.7232,30.0448,29.08,29.6772,29.4475,0.22969999999999757,0.78,197539.84,126863.232,4.594
002666.SZ,20200306,29.126,29.6313,28.8503,29.2178,29.6772,-0.4593999999999987,-1.548,141952.41,90495.632,4.594
002666.SZ,20200309,28.6206,28.7125,27.1046,27.1505,29.2178,-2.0672999999999995,-7.0755,214313.27,130042.051,4.594
002666.SZ,20200310,26.783,28.0693,26.6911,28.0693,27.1505,0.9187999999999974,3.3841,174368.64,104233.108,4.594
002666.SZ,20200311,28.4828,28.4828,27.2884,27.2884,28.0693,-0.780899999999999,-2.782,153874.8,93557.051,4.594
002666.SZ,20200312,26.7371,26.9208,26.0939,26.6452,27.2884,-0.6432000000000002,-2.357,140466.0,81117.26,4.594
002666.SZ,20200313,25.4048,26.1858,24.8535,25.7264,26.6452,-0.9187999999999974,-3.4483,174141.0,96221.814,4.594
002666.SZ,20200316,26.002,26.048,24.1644,24.3482,25.7264,-1.3782000000000032,-5.3571,163240.54,89746.248,4.594
002666.SZ,20200317,24.6698,25.0373,23.4294,24.8535,24.3482,0.5053000000000019,2.0753,155780.59,82767.487,4.594
002666.SZ,20200318,25.1292,25.4048,24.1185,24.1644,24.8535,-0.6890999999999998,-2.7726,143706.64,77962.923,4.594
002666.SZ,20200319,24.1644,24.8076,23.9347,24.5779,24.1644,0.4134999999999991,1.7112,124714.6,66174.358,4.594
002666.SZ,20200320,25.1751,25.3129,24.5779,24.9914,24.5779,0.4134999999999991,1.6824,102026.76,55297.195,4.594
002666.SZ,20200323,24.1185,24.6698,23.5213,23.6132,24.9914,-1.3781999999999996,-5.5147,103189.0,54186.78,4.594
002666.SZ,20200324,24.1185,24.486,23.3375,24.2563,23.6132,0.6431000000000004,2.7235,113627.98,59260.062,4.594
002666.SZ,20200325,24.9454,25.5426,24.5779,25.0373,24.2563,0.7809999999999988,3.2198,144714.19,78852.59,4.594
002666.SZ,20200326,24.8995,24.9914,24.5779,24.7157,25.0373,-0.3216000000000001,-1.2845,102746.5,55330.587,4.594
002666.SZ,20200327,24.8535,25.1751,24.532,24.9914,24.7157,0.2757000000000005,1.1155,108530.5,58756.257,4.594
002666.SZ,20200330,24.5779,24.9454,23.9807,24.1644,24.9914,-0.8269999999999982,-3.3091,106123.0,56059.408,4.594
002666.SZ,20200331,24.486,24.6698,24.1185,24.6698,24.1644,0.5053999999999981,2.0915,81039.46,43046.944,4.594
002666.SZ,20200401,24.8535,26.2777,24.8535,25.267,24.6698,0.5972000000000008,2.4208,230959.0,128055.814,4.594
002666.SZ,20200402,25.0373,25.9561,24.7157,25.9102,25.267,0.6432000000000002,2.5456,154831.0,85191.825,4.594
002666.SZ,20200403,25.7264,25.9561,25.1751,25.3589,25.9102,-0.5513000000000012,-2.1277,105087.32,58454.76,4.594
002666.SZ,20200407,25.8642,26.2317,25.6345,26.1858,25.3589,0.826900000000002,3.2608,139310.08,78520.79,4.594
002666.SZ,20200408,25.9561,26.1399,25.7723,25.9561,26.1858,-0.22970000000000113,-0.8772,87462.0,49325.41,4.594
002666.SZ,20200409,26.048,26.783,25.8642,26.5533,25.9561,0.5972000000000008,2.3008,162115.9,92928.613,4.594
002666.SZ,20200410,26.4155,26.5533,25.267,25.3589,26.5533,-1.1944000000000017,-4.4981,113765.06,63729.898,4.594
002666.SZ,20200413,25.3129,25.3129,24.486,24.532,25.3589,-0.8268999999999984,-3.2608,71110.0,38346.25,4.594
002666.SZ,20200414,25.0373,25.8642,24.8535,25.6805,24.532,1.1484999999999985,4.6816,145856.84,80324.21,4.594
002666.SZ,20200415,26.002,26.3236,25.4048,25.6345,25.6805,-0.045999999999999375,-0.1791,120910.22,68195.479,4.594
002666.SZ,20200416,25.4967,25.7264,25.1751,25.5426,25.6345,-0.09189999999999898,-0.3585,68573.0,38026.288,4.594
002666.SZ,20200417,25.9102,26.048,25.2211,25.267,25.5426,-0.27560000000000073,-1.079,83485.0,46456.247,4.594
002666.SZ,20200420,25.3589,25.5426,25.1751,25.3129,25.267,0.04589999999999961,0.1817,57012.3,31387.545,4.594
002666.SZ,20200421,25.0373,25.1292,24.486,24.8076,25.3129,-0.5052999999999983,-1.9962,73882.86,39775.561,4.594
002666.SZ,20200422,24.486,25.1751,24.3482,25.0373,24.8076,0.22969999999999757,0.9259,47313.0,25578.881,4.594
002666.SZ,20200423,24.9914,25.0832,24.6238,24.6698,25.0373,-0.3674999999999997,-1.4678,46253.0,24967.6,4.594
002666.SZ,20200424,24.7617,24.9454,23.8888,24.0726,24.6698,-0.5971999999999973,-2.4208,74139.2,39208.441,4.594
002666.SZ,20200427,23.9807,24.1644,23.751,23.8429,24.0726,-0.22970000000000113,-0.9542,49317.49,25771.601,4.594
002666.SZ,20200428,24.2563,24.2563,22.97,23.9347,23.8429,0.09179999999999922,0.385,71569.3,36904.718,4.594
002666.SZ,20200429,23.751,24.2104,23.6132,24.0266,23.9347,0.09189999999999898,0.384,61338.4,31998.662,4.594
002666.SZ,20200430,24.2104,25.0832,24.1185,24.8535,24.0266,0.826900000000002,3.4416,107198.19,57697.467,4.594
002666.SZ,20200506,24.3941,25.4967,24.3482,25.4967,24.8535,0.6432000000000002,2.588,114442.63,62681.922,4.594
002666.SZ,20200507,25.4967,25.9102,25.0832,25.1292,25.4967,-0.3674999999999997,-1.4414,90924.0,50203.821,4.594
002666.SZ,20200508,25.1751,25.4967,25.0832,25.1751,25.1292,0.04589999999999961,0.1827,75318.76,41384.017,4.594
002666.SZ,20200511,25.1751,25.8183,25.1751,25.4048,25.1751,0.22970000000000113,0.9124,106922.0,59342.012,4.594
002666.SZ,20200512,25.267,25.3589,24.5779,24.9914,25.4048,-0.4134000000000029,-1.6273,79883.2,43303.136,4.594
002666.SZ,20200513,24.8076,24.9914,24.6238,24.7617,24.9914,-0.22969999999999757,-0.9191,54441.0,29377.407,4.594
002666.SZ,20200514,24.532,24.5779,24.1185,24.1185,24.7617,-0.6432000000000002,-2.5976,59429.43,31472.617,4.594
002666.SZ,20200515,24.3023,24.4401,24.0266,24.1644,24.1185,0.04589999999999961,0.1903,44651.0,23505.316,4.594
002666.SZ,20200518,24.1185,24.1644,23.3375,23.5213,24.1644,-0.6431000000000004,-2.6614,75176.0,38887.203,4.594
002666.SZ,20200519,23.8888,24.2563,23.6591,24.0266,23.5213,0.5052999999999983,2.1483,73406.72,38231.654,4.594
002666.SZ,20200520,23.7969,26.4155,23.705,25.5886,24.0266,1.5620000000000012,6.5011,371293.37,208451.811,4.594
002666.SZ,20200521,25.0832,25.3129,24.532,24.7157,25.5886,-0.8729000000000013,-3.4113,201133.87,108739.083,4.594
002666.SZ,20200522,24.8076,24.8076,23.705,23.7969,24.7157,-0.9187999999999974,-3.7175,101675.99,53147.607,4.594
002666.SZ,20200525,23.751,23.9807,23.4753,23.6132,23.7969,-0.18370000000000175,-0.7719,57970.35,29922.147,4.594
002666.SZ,20200526,23.7969,24.0726,23.6591,24.0266,23.6132,0.4133999999999993,1.7507,53401.05,27825.455,4.594
002666.SZ,20200527,24.2104,24.5779,23.7969,24.3482,24.0266,0.3216000000000001,1.3385,73829.23,38827.731,4.594
002666.SZ,20200528,24.3482,24.4401,23.705,24.1644,24.3482,-0.18379999999999797,-0.7549,63814.0,33417.96,4.594
002666.SZ,20200529,23.9807,24.3023,23.9807,24.1644,24.1644,0.0,0.0,42333.23,22281.737,4.594
002666.SZ,20200601,24.2563,24.9914,24.1644,24.8995,24.1644,0.7350999999999992,3.0421,98441.75,52855.462,4.594
002666.SZ,20200602,25.0832,27.3802,25.0832,27.3802,24.8995,2.480699999999999,9.9629,323433.26,191502.174,4.594
002666.SZ,20200603,28.5747,28.9422,27.4721,28.0234,27.3802,0.6432000000000002,2.3491,642794.41,394079.764,4.594
002666.SZ,20200604,27.4262,29.7691,27.4262,28.1153,28.0234,0.09190000000000254,0.3279,422544.98,261747.457,4.594
002666.SZ,20200605,28.4828,28.9422,27.6099,28.0234,28.1153,-0.09190000000000254,-0.3269,231253.09,141499.17,4.594
002666.SZ,20200608,28.0234,28.299,27.0587,27.1046,28.0234,-0.9187999999999974,-3.2787,265745.65,159697.505,4.594
002666.SZ,20200609,27.7478,28.7125,26.829,27.1046,27.1046,0.0,0.0,193262.41,115582.658,4.594
002666.SZ,20200610,27.1505,27.3343,26.5533,26.8749,27.1046,-0.22970000000000113,-0.8475,141540.0,82694.997,4.594
002666.SZ,20200611,27.1046,28.2531,26.9668,27.1046,26.8749,0.22970000000000113,0.8547,225057.96,135399.691,4.594
002666.SZ,20200612,26.2317,26.9208,25.7723,26.5533,27.1046,-0.5513000000000012,-2.034,173981.76,100308.225,4.594
002666.SZ,20200615,26.2777,27.3802,26.1858,26.5533,26.5533,0.0,0.0,145183.77,84783.137,4.594
002666.SZ,20200616,26.6911,27.3343,26.4614,27.1046,26.5533,0.5513000000000012,2.0762,133439.04,78219.739,4.594
002666.SZ,20200617,27.564,29.7691,27.3802,29.126,27.1046,2.0214,7.4578,426898.26,265745.579,4.594
002666.SZ,20200618,30.5501,32.0202,30.3204,32.0202,29.126,2.8942000000000014,9.9368,633340.74,433037.385,4.594
002666.SZ,20200619,32.4336,32.4336,30.2745,32.2499,32.0202,0.22969999999999402,0.7174,484457.9,331136.874,4.594
002666.SZ,20200622,32.9849,35.4657,31.7905,33.2606,32.2499,1.0107,3.134,710952.44,521144.438,4.594
002666.SZ,20200623,32.5715,34.2712,31.6527,33.1227,33.2606,-0.1378999999999948,-0.4146,421604.04,299338.875,4.594
002666.SZ,20200624,35.4657,36.4304,33.5821,33.7659,33.1227,0.6432000000000002,1.9419,623477.41,473262.809,4.594
002666.SZ,20200629,33.0768,34.7766,31.9742,32.5715,33.7659,-1.1944000000000017,-3.5373,469971.48,338837.044,4.594
002666.SZ,20200630,33.3065,33.3065,32.2039,32.5255,32.5715,-0.045999999999999375,-0.1412,345697.16,246579.11,4.594
002666.SZ,20200701,33.4903,34.455,32.2499,32.8471,32.5255,0.32159999999999656,0.9888,454081.82,331061.92,4.594
002666.SZ,20200702,32.3877,33.3065,31.9283,32.893,32.8471,0.04590000000000316,0.1397,238972.85,169466.954,4.594
002666.SZ,20200703,33.8118,33.9037,31.0554,31.5148,32.893,-1.3781999999999996,-4.1899,344952.96,239762.588,4.594
002666.SZ,20200706,31.4689,33.3984,31.2851,33.0309,31.5148,1.5161000000000016,4.8108,380083.5,269010.203,4.594
002666.SZ,20200707,33.5362,36.2926,32.939,34.6847,33.0309,1.6537999999999968,5.0068,484722.61,364009.365,4.594
002666.SZ,20200708,34.5469,35.5576,33.9956,35.0522,34.6847,0.3674999999999997,1.0595,323643.49,245314.807,4.594
002666.SZ,20200709,35.0522,36.4304,34.455,35.0522,35.0522,0.0,0.0,327008.95,250238.834,4.594
002666.SZ,20200710,34.6847,36.4304,34.5469,35.3738,35.0522,0.32160000000000366,0.9175,293745.65,227263.259,4.594
002666.SZ,20200713,35.8791,36.2926,34.7766,35.9251,35.3738,0.5512999999999977,1.5585,386859.74,298249.842,4.594
002666.SZ,20200714,36.017,37.6249,33.5362,34.3172,35.9251,-1.6079000000000008,-4.4757,425451.88,326610.067,4.594
002666.SZ,20200715,34.2253,34.8225,32.3877,32.9849,34.3172,-1.3322999999999965,-3.8823,268766.41,195154.197,4.594
002666.SZ,20200716,32.9868,33.1254,30.5382,30.8154,32.9868,-2.171400000000002,-6.5826,209919.04,145508.496,4.62
002666.SZ,20200717,31.1388,31.878,30.8154,31.647,30.8154,0.8315999999999981,2.6987,141663.5,96305.624,4.62
002666.SZ,20200720,31.8318,33.1716,31.8318,32.7096,31.647,1.0626000000000033,3.3577,182226.0,129292.37,4.62
002666.SZ,20200721,32.7558,33.033,32.2938,32.4324,32.7096,-0.27720000000000056,-0.8475,138197.0,97484.939,4.62
002666.SZ,20200722,32.2014,32.8944,31.9242,32.0628,32.4324,-0.3695999999999984,-1.1396,172121.64,120464.247,4.62
002666.SZ,20200723,32.2938,32.2938,30.723,31.647,32.0628,-0.4158000000000044,-1.2968,184887.8,125599.333,4.62
002666.SZ,20200724,31.5084,32.2476,29.6604,30.03,31.647,-1.6169999999999973,-5.1095,181704.0,120801.25,4.62
002666.SZ,20200727,30.03,31.2312,29.4756,30.9078,30.03,0.8778000000000006,2.9231,162793.46,107390.873,4.62
002666.SZ,20200728,30.8616,31.416,30.1224,30.4458,30.9078,-0.4620000000000033,-1.4948,106166.0,70548.17,4.62
002666.SZ,20200729,30.3996,31.3698,30.1686,31.3698,30.4458,0.924000000000003,3.0349,91504.01,61294.715,4.62
002666.SZ,20200730,31.416,31.5546,30.492,30.5844,31.3698,-0.7854000000000028,-2.5037,96280.99,64384.434,4.62
002666.SZ,20200731,30.8154,32.571,30.492,32.109,30.5844,1.524600000000003,4.9849,219385.02,150458.867,4.62
002666.SZ,20200803,32.2476,33.4026,32.109,33.264,32.109,1.1550000000000011,3.5971,178629.0,127803.707,4.62
002666.SZ,20200804,33.264,34.419,32.2938,32.802,33.264,-0.4620000000000033,-1.3889,288180.08,207274.348,4.62
002666.SZ,20200805,32.34,32.6172,31.6932,31.9704,32.802,-0.8315999999999981,-2.5352,195738.39,135789.306,4.62
002666.SZ,20200806,31.8318,32.0166,30.7692,31.2774,31.9704,-0.6930000000000014,-2.1676,158450.73,107224.235,4.62
002666.SZ,20200807,31.185,31.5084,30.03,30.5844,31.2774,-0.6930000000000014,-2.2157,132460.68,87935.075,4.62
002666.SZ,20200810,30.492,31.1388,30.4458,30.6306,30.5844,0.04620000000000246,0.1511,107518.68,71746.752,4.62
002666.SZ,20200811,30.7692,30.954,29.8452,29.9838,30.6306,-0.6468000000000025,-2.1116,128606.82,84493.828,4.62
002666.SZ,20200812,30.03,30.1686,29.0136,29.8452,29.9838,-0.13860000000000028,-0.4622,104426.21,66562.95,4.62
002666.SZ,20200813,30.1224,30.3996,29.1984,29.6142,29.8452,-0.2309999999999981,-0.774,92651.04,59889.465,4.62
002666.SZ,20200814,29.6142,29.7528,29.1522,29.7528,29.6142,0.13860000000000028,0.468,68831.24,43957.909,4.62
002666.SZ,20200817,29.9376,30.261,29.6604,30.03,29.7528,0.27720000000000056,0.9317,117016.29,75971.956,4.62
002666.SZ,20200818,29.9838,30.9078,29.9838,30.723,30.03,0.6929999999999978,2.3077,150210.83,99306.608,4.62
002666.SZ,20200819,30.723,31.0926,30.1224,30.6306,30.723,-0.09239999999999782,-0.3008,158023.0,104697.848,4.62
002666.SZ,20200820,30.261,30.3996,29.568,29.6604,30.6306,-0.970200000000002,-3.1674,78272.55,50708.875,4.62
002666.SZ,20200821,29.7528,30.723,29.6604,30.3534,29.6604,0.6930000000000014,2.3364,89473.48,58464.379,4.62
002666.SZ,20200824,30.1686,30.723,29.9838,30.3534,30.3534,0.0,0.0,65538.48,42963.074,4.62
002666.SZ,20200825,30.3534,30.4458,29.8452,29.9376,30.3534,-0.41580000000000084,-1.3699,57385.95,37382.49,4.62
002666.SZ,20200826,29.9376,30.2148,29.1984,29.3832,29.9376,-0.5544000000000011,-1.8519,75439.65,48224.506,4.62
002666.SZ,20200827,29.4756,30.3072,29.4756,30.1224,29.3832,0.7392000000000003,2.5157,81326.04,52696.998,4.62
002666.SZ,20200828,30.261,30.6768,29.6604,30.3072,30.1224,0.18480000000000274,0.6135,76714.0,49969.088,4.62
002666.SZ,20200831,30.261,30.6306,30.03,30.3534,30.3072,0.04619999999999891,0.1524,90121.6,59333.152,4.62
002666.SZ,20200901,30.3996,31.2774,30.1224,31.0002,30.3534,0.6467999999999989,2.1309,121620.03,81169.602,4.62
002666.SZ,20200902,31.7394,32.34,31.3236,32.2938,31.0002,1.2935999999999979,4.1729,246743.86,170409.317,4.62
002666.SZ,20200903,32.34,32.34,31.185,31.185,32.2938,-1.1087999999999987,-3.4335,134419.06,91949.195,4.62
002666.SZ,20200904,30.492,31.6008,30.261,30.8616,31.185,-0.32339999999999947,-1.037,100378.2,67166.159,4.62
002666.SZ,20200907,30.9078,31.2774,30.0762,30.1686,30.8616,-0.6929999999999978,-2.2455,100355.32,66686.183,4.62
002666.SZ,20200908,30.1686,30.3996,29.4756,30.1224,30.1686,-0.04620000000000246,-0.1531,97412.0,62883.826,4.62
002666.SZ,20200909,29.6604,29.8914,29.106,29.106,30.1224,-1.0163999999999973,-3.3742,97832.38,62348.928,4.62
002666.SZ,20200910,29.1522,29.568,28.3668,28.6902,29.106,-0.41580000000000084,-1.4286,100278.4,62650.264,4.62
002666.SZ,20200911,28.4592,28.875,28.3206,28.8288,28.6902,0.13860000000000028,0.4831,48167.0,29847.834,4.62
002666.SZ,20200914,28.8288,29.0136,28.3668,28.6902,28.8288,-0.13860000000000028,-0.4808,48145.54,29935.973,4.62
002666.SZ,20200915,28.8288,28.9674,28.5054,28.9674,28.6902,0.27720000000000056,0.9662,33828.0,21064.137,4.62
002666.SZ,20200916,28.9674,28.9674,28.0434,28.0896,28.9674,-0.8778000000000006,-3.0303,72119.0,44346.787,4.62
002666.SZ,20200917,27.951,28.182,27.2118,27.258,28.0896,-0.8316000000000017,-2.9605,147355.02,88569.596,4.62
002666.SZ,20200918,27.3966,27.9048,26.4726,27.8586,27.258,0.6006,2.2034,126489.77,74532.074,4.62
002666.SZ,20200921,27.72,28.9212,27.6276,27.72,27.8586,-0.13860000000000028,-0.4975,143292.66,87709.117,4.62
002666.SZ,20200922,27.5352,27.6738,26.796,26.9808,27.72,-0.7392000000000003,-2.6667,83377.45,49088.888,4.62
002666.SZ,20200923,26.9346,27.8124,26.7036,27.5352,26.9808,0.5544000000000011,2.0548,92821.0,54592.52,4.62
002666.SZ,20200924,27.1656,27.9048,26.7036,26.7498,27.5352,-0.7853999999999992,-2.8523,102254.97,60083.02,4.62
002666.SZ,20200925,26.796,26.9808,26.1492,26.2878,26.7498,-0.46199999999999974,-1.7271,70332.19,40291.953,4.62
002666.SZ,20200928,26.2878,26.4264,25.3638,25.4562,26.2878,-0.8316000000000017,-3.1634,75030.0,41744.48,4.62
002666.SZ,20200929,25.5948,26.0106,25.4562,25.6872,25.4562,0.23100000000000165,0.9074,48325.0,26926.771,4.62
002666.SZ,20200930,25.6872,25.872,25.3176,25.5948,25.6872,-0.09240000000000137,-0.3597,44251.02,24531.397,4.62
002666.SZ,20201009,26.0106,26.9808,25.9182,26.796,25.5948,1.2012,4.6931,80403.96,46240.345,4.62
002666.SZ,20201012,26.9808,27.72,26.9808,27.6738,26.796,0.8778000000000006,3.2759,92672.65,55118.235,4.62
002666.SZ,20201013,27.6276,27.8586,27.4428,27.6276,27.6738,-0.04619999999999891,-0.1669,65543.1,39165.851,4.62
002666.SZ,20201014,27.6738,27.6738,27.1656,27.3504,27.6276,-0.27720000000000056,-1.0033,49757.0,29383.823,4.62
002666.SZ,20201015,27.6276,28.0896,26.8884,27.0732,27.3504,-0.27720000000000056,-1.0135,88463.15,52379.263,4.62
002666.SZ,20201016,26.9808,27.1656,26.6574,26.9808,27.0732,-0.09240000000000137,-0.3413,52228.48,30374.582,4.62
002666.SZ,20201019,26.9346,27.3042,26.5188,26.6574,26.9808,-0.32339999999999947,-1.1986,64131.0,37301.374,4.62
002666.SZ,20201020,26.6112,27.8124,26.2416,27.6276,26.6574,0.970200000000002,3.6395,114700.0,67368.227,4.62
002666.SZ,20201021,27.6276,27.6738,26.6112,26.9808,27.6276,-0.6468000000000025,-2.3411,85644.29,49987.46,4.62
002666.SZ,20201022,26.8884,27.3966,26.1954,27.0732,26.9808,0.09240000000000137,0.3425,82501.0,47942.595,4.62
002666.SZ,20201023,26.9808,27.1656,26.565,26.7498,27.0732,-0.32339999999999947,-1.1945,84486.0,48921.931,4.62
002666.SZ,20201026,26.7498,26.8422,25.7796,26.0106,26.7498,-0.7392000000000003,-2.7634,108248.0,61329.279,4.62
002666.SZ,20201027,25.7796,26.8422,25.7796,26.2878,26.0106,0.27720000000000056,1.0657,112658.0,64277.863,4.62
002666.SZ,20201028,26.2878,26.7036,25.9182,26.6574,26.2878,0.3695999999999984,1.406,81217.2,46368.008,4.62
002666.SZ,20201029,26.2416,27.1656,26.103,26.9346,26.6574,0.27720000000000056,1.0399,74593.2,43148.633,4.62
002666.SZ,20201030,27.027,27.5352,26.3802,26.4726,26.9346,-0.46199999999999974,-1.7153,103932.0,60701.315,4.62
002666.SZ,20201102,26.7036,27.8124,26.334,27.6738,26.4726,1.2012,4.5375,146983.29,87037.698,4.62
002666.SZ,20201103,27.9972,28.0434,27.258,27.6738,27.6738,0.0,0.0,128660.04,76727.16,4.62
002666.SZ,20201104,27.72,28.182,27.489,27.8124,27.6738,0.13860000000000028,0.5008,118031.49,71215.337,4.62
002666.SZ,20201105,28.1358,28.7826,27.7662,28.6902,27.8124,0.8778000000000006,3.1561,157334.99,96568.776,4.62
002666.SZ,20201106,28.7364,28.7826,27.9048,28.182,28.6902,-0.5082000000000022,-1.7713,124399.27,75974.249,4.62
002666.SZ,20201109,28.2282,28.875,27.951,28.7826,28.182,0.6006,2.1311,152614.0,93804.901,4.62
002666.SZ,20201110,28.8288,28.875,28.2282,28.4592,28.7826,-0.32339999999999947,-1.1236,95442.0,58780.647,4.62
002666.SZ,20201111,28.5054,28.5978,27.6738,27.6738,28.4592,-0.7853999999999992,-2.7597,102453.01,62201.681,4.62
002666.SZ,20201112,27.72,27.9972,27.6276,27.951,27.6738,0.27720000000000056,1.0017,58962.99,35489.535,4.62
002666.SZ,20201113,27.9972,28.1358,27.6276,27.8124,27.951,-0.13860000000000028,-0.4959,60888.0,36748.528,4.62
002666.SZ,20201116,27.72,28.182,27.5352,28.0896,27.8124,0.27720000000000056,0.9967,69908.0,42239.499,4.62
002666.SZ,20201117,28.182,28.4592,27.9972,28.2744,28.0896,0.1847999999999992,0.6579,92220.0,56369.495,4.62
002666.SZ,20201118,28.0896,28.413,27.9972,28.2282,28.2744,-0.04619999999999891,-0.1634,64741.04,39546.109,4.62
002666.SZ,20201119,28.2282,28.413,27.9048,28.2282,28.2282,0.0,0.0,92537.29,56370.209,4.62
002666.SZ,20201120,28.2282,29.2908,27.951,29.1522,28.2282,0.9239999999999995,3.2733,200169.04,124900.705,4.62
002666.SZ,20201123,29.1522,29.6604,28.875,28.9674,29.1522,-0.1847999999999992,-0.6339,155825.0,98568.149,4.62
002666.SZ,20201124,29.0598,29.8914,28.875,29.7066,28.9674,0.7392000000000003,2.5518,152773.25,97539.472,4.62
002666.SZ,20201125,29.8452,29.8914,28.644,29.106,29.7066,-0.6006,-2.0218,125651.0,79597.857,4.62
002666.SZ,20201126,28.3668,28.875,28.2282,28.7364,29.106,-0.3696000000000019,-1.2698,101134.0,62546.993,4.62
002666.SZ,20201127,28.644,28.7826,27.9048,28.2744,28.7364,-0.46199999999999974,-1.6077,90470.0,55436.7,4.62
002666.SZ,20201130,28.0896,28.2282,27.72,27.72,28.2744,-0.5544000000000011,-1.9608,74460.0,45106.906,4.62
002666.SZ,20201201,27.5814,27.9972,27.1656,27.951,27.72,0.23100000000000165,0.8333,66103.03,39614.424,4.62
002666.SZ,20201202,27.9048,28.0896,27.5352,27.9972,27.951,0.04619999999999891,0.1653,50342.0,30327.221,4.62
002666.SZ,20201203,28.0434,28.182,27.6276,27.8586,27.9972,-0.13860000000000028,-0.495,50959.0,30757.306,4.62
002666.SZ,20201204,27.72,27.8586,27.5814,27.72,27.8586,-0.13860000000000028,-0.4975,41778.5,25039.586,4.62
002666.SZ,20201207,27.72,27.7662,26.8884,26.8884,27.72,-0.8315999999999981,-3.0,71085.5,41988.296,4.62
002666.SZ,20201208,26.8884,27.3966,26.796,26.9346,26.8884,0.04619999999999891,0.1718,44023.3,25763.515,4.62
002666.SZ,20201209,26.796,27.027,26.334,26.334,26.9346,-0.6006,-2.2298,56986.0,32761.249,4.62
002666.SZ,20201210,26.1954,26.4726,26.0568,26.1954,26.334,-0.13860000000000028,-0.5263,37867.0,21531.403,4.62
002666.SZ,20201211,26.1954,26.334,25.2252,25.5024,26.1954,-0.6929999999999978,-2.6455,78390.34,43399.056,4.62
002666.SZ,20201214,25.41,25.872,25.41,25.7796,25.5024,0.277199999999997,1.087,32184.03,17862.907,4.62
002666.SZ,20201215,25.5948,25.8258,25.5486,25.641,25.7796,-0.13860000000000028,-0.5376,25563.0,14208.139,4.62
002666.SZ,20201216,25.7334,25.8258,25.1328,25.179,25.641,-0.46199999999999974,-1.8018,40479.0,22171.88,4.62
002666.SZ,20201217,25.0866,25.5024,24.486,25.4562,25.179,0.27720000000000056,1.1009,60938.5,33010.166,4.62
002666.SZ,20201218,25.4562,25.6872,25.3176,25.5024,25.4562,0.04620000000000246,0.1815,32736.0,18049.73,4.62
002666.SZ,20201221,25.5486,25.9644,25.3638,25.9644,25.5024,0.46199999999999974,1.8116,43721.0,24288.853,4.62
002666.SZ,20201222,25.7796,25.8258,25.0404,25.179,25.9644,-0.7854000000000028,-3.0249,52356.0,28921.742,4.62
002666.SZ,20201223,25.0866,25.5024,25.0404,25.1328,25.179,-0.04619999999999891,-0.1835,38329.48,20892.004,4.62
002666.SZ,20201224,25.1328,25.3176,24.1626,24.3012,25.1328,-0.8315999999999981,-3.3088,62225.0,33029.176,4.62
002666.SZ,20201225,24.3012,24.5322,24.0702,24.255,24.3012,-0.04620000000000246,-0.1901,33867.38,17844.94,4.62
002666.SZ,20201228,24.1164,24.255,23.6082,23.7468,24.255,-0.5081999999999987,-2.0952,35872.12,18547.473,4.62
002666.SZ,20201229,23.7006,24.0702,23.4234,23.562,23.7468,-0.1847999999999992,-0.7782,52618.0,27073.855,4.62
002666.SZ,20201230,23.562,23.8392,23.331,23.7006,23.562,0.13860000000000028,0.5882,32033.0,16389.365,4.62
002666.SZ,20201231,23.793,24.2088,23.7006,23.8854,23.7006,0.1847999999999992,0.7797,46717.0,24166.116,4.62
002666.SZ,20210104,24.5784,25.5486,24.5322,25.1328,23.8854,1.247399999999999,5.2224,122644.3,66618.367,4.62
002666.SZ,20210105,24.9018,25.0404,24.2088,24.6246,25.1328,-0.5081999999999987,-2.0221,87191.25,46427.731,4.62
002666.SZ,20210106,24.486,24.717,23.4234,23.6544,24.6246,-0.970200000000002,-3.94,109730.73,56646.406,4.62
002666.SZ,20210107,23.6544,23.6544,22.7304,23.0076,23.6544,-0.6467999999999989,-2.7344,82390.0,41323.091,4.62
002666.SZ,20210108,23.0076,23.4234,22.4994,23.1924,23.0076,0.1847999999999992,0.8032,53753.41,26807.846,4.62
002666.SZ,20210111,23.331,23.4234,22.4994,22.638,23.1924,-0.5543999999999976,-2.3904,48655.91,24057.428,4.62
002666.SZ,20210112,22.638,22.9152,22.3608,22.5918,22.638,-0.04620000000000246,-0.2041,48438.19,23663.063,4.62
002666.SZ,20210113,22.4532,22.4532,21.4368,21.8526,22.5918,-0.7392000000000003,-3.272,91026.08,42855.111,4.62
002666.SZ,20210114,21.6216,21.945,21.2982,21.8064,21.8526,-0.04619999999999891,-0.2114,51717.73,24228.665,4.62
002666.SZ,20210115,21.8526,22.407,21.8064,22.176,21.8064,0.3695999999999984,1.6949,46024.02,22045.687,4.62
002666.SZ,20210118,22.176,22.5918,21.9912,22.4532,22.176,0.27720000000000056,1.25,37706.0,18301.238,4.62
002666.SZ,20210119,22.407,22.7304,22.2684,22.5456,22.4532,0.09240000000000137,0.4115,42916.37,20947.737,4.62
002666.SZ,20210120,22.638,22.869,22.4532,22.6842,22.5456,0.13860000000000028,0.6148,52116.0,25545.373,4.62
002666.SZ,20210121,22.7304,23.0076,22.4532,22.6842,22.6842,0.0,0.0,43760.37,21518.958,4.62
002666.SZ,20210122,22.5456,22.6842,22.1298,22.2222,22.6842,-0.46199999999999974,-2.0367,52455.0,25302.128,4.62
002666.SZ,20210125,22.0374,22.1298,21.483,21.5754,22.2222,-0.6468000000000025,-2.9106,50524.81,23722.669,4.62
002666.SZ,20210126,21.5292,21.945,21.2982,21.3444,21.5754,-0.2309999999999981,-1.0707,39256.0,18286.736,4.62
002666.SZ,20210127,21.3444,22.407,21.1134,21.714,21.3444,0.3695999999999984,1.7316,81972.0,38451.375,4.62
002666.SZ,20210128,21.2982,21.945,21.252,21.3906,21.714,-0.32339999999999947,-1.4894,45401.5,21175.083,4.62
002666.SZ,20210129,21.6216,21.714,20.6052,20.8824,21.3906,-0.5081999999999987,-2.3758,58483.5,26615.635,4.62
002666.SZ,20210201,20.79,21.1596,20.6514,20.9748,20.8824,0.09239999999999782,0.4425,29310.0,13259.356,4.62
002666.SZ,20210202,21.0672,21.2058,20.6976,20.9286,20.9748,-0.04619999999999891,-0.2203,33860.0,15324.88,4.62
002666.SZ,20210203,20.8362,20.9286,20.1432,20.1432,20.9286,-0.7853999999999992,-3.7528,51442.7,22847.384,4.62
002666.SZ,20210204,20.097,20.2818,19.4502,19.7274,20.1432,-0.41580000000000084,-2.0642,53118.0,22742.007,4.62
002666.SZ,20210205,19.7274,20.3742,19.404,19.4502,19.7274,-0.27720000000000056,-1.4052,51176.0,21893.749,4.62
002666.SZ,20210208,19.4502,19.6812,19.0344,19.404,19.4502,-0.04619999999999891,-0.2375,37268.0,15677.763,4.62
002666.SZ,20210209,19.5888,20.2356,19.5888,20.097,19.404,0.6930000000000014,3.5714,59195.34,25553.451,4.62
002666.SZ,20210210,20.1432,20.3742,19.6812,20.328,20.097,0.2309999999999981,1.1494,56302.22,24606.896,4.62
002666.SZ,20210218,20.5128,20.9748,20.5128,20.8362,20.328,0.5082000000000022,2.5,61381.0,27643.075,4.62
002666.SZ,20210219,20.8362,21.7602,20.7438,21.714,20.8362,0.877799999999997,4.2129,77887.5,36027.777,4.62
002666.SZ,20210222,21.8064,22.5918,21.8064,22.176,21.714,0.46199999999999974,2.1277,113881.0,54800.925,4.62
002666.SZ,20210223,21.9912,22.4532,21.8064,21.8988,22.176,-0.277199999999997,-1.25,60897.0,29064.007,4.62
002666.SZ,20210224,21.945,22.3146,21.8064,22.1298,21.8988,0.2309999999999981,1.0549,63660.0,30350.818,4.62
002666.SZ,20210225,22.2222,22.3146,21.483,21.6216,22.1298,-0.5081999999999987,-2.2965,60450.7,28489.576,4.62
002666.SZ,20210226,21.3444,21.8988,21.252,21.7602,21.6216,0.13860000000000028,0.641,54034.22,25324.362,4.62
002666.SZ,20210301,22.0836,22.4994,22.0836,22.4994,21.7602,0.7392000000000003,3.397,64482.0,31236.222,4.62
002666.SZ,20210302,22.407,22.4532,22.0836,22.3146,22.4994,-0.18480000000000274,-0.8214,57795.0,27844.211,4.62
002666.SZ,20210303,22.3146,22.8228,22.2222,22.7766,22.3146,0.46199999999999974,2.0704,66886.02,32696.136,4.62
002666.SZ,20210304,22.638,22.9614,22.4994,22.6842,22.7766,-0.09239999999999782,-0.4057,57265.0,28172.456,4.62
002666.SZ,20210305,22.6842,22.9614,22.4532,22.8228,22.6842,0.13860000000000028,0.611,57253.0,28094.944,4.62
002666.SZ,20210308,22.869,23.1,22.5456,22.5456,22.8228,-0.27720000000000056,-1.2146,63499.0,31318.995,4.62
002666.SZ,20210309,22.4532,22.8228,21.6216,22.3146,22.5456,-0.23100000000000165,-1.0246,79243.69,38239.555,4.62
002666.SZ,20210310,22.3608,22.7766,21.6216,21.6678,22.3146,-0.6467999999999989,-2.8986,57679.69,27385.217,4.62
002666.SZ,20210311,21.6216,22.4532,21.3906,22.4532,21.6678,0.7853999999999992,3.6247,63720.0,30367.631,4.62
002666.SZ,20210312,22.3146,22.638,22.0374,22.3608,22.4532,-0.09239999999999782,-0.4115,60826.0,29388.281,4.62
002666.SZ,20210315,22.3608,22.638,21.9912,22.4532,22.3608,0.09239999999999782,0.4132,46358.0,22505.873,4.62
002666.SZ,20210316,22.5456,22.869,22.407,22.869,22.4532,0.41580000000000084,1.8519,64137.0,31443.722,4.62
002666.SZ,20210317,22.9152,23.2386,22.5456,22.7304,22.869,-0.13860000000000028,-0.6061,75197.0,37230.171,4.62
002666.SZ,20210318,22.638,22.8228,22.407,22.4994,22.7304,-0.2309999999999981,-1.0163,54894.02,26815.914,4.62
002666.SZ,20210319,22.2684,22.6842,22.2222,22.3608,22.4994,-0.13860000000000028,-0.616,46606.0,22687.104,4.62
002666.SZ,20210322,22.4994,23.5158,22.4994,23.2848,22.3608,0.9239999999999995,4.1322,133225.6,66897.375,4.62
002666.SZ,20210323,23.1,23.4696,22.7766,22.869,23.2848,-0.41580000000000084,-1.7857,81391.0,40587.854,4.62
002666.SZ,20210324,22.7766,23.0076,22.4532,22.638,22.869,-0.2309999999999981,-1.0101,68014.0,33339.477,4.62
002666.SZ,20210325,22.5456,22.9614,22.176,22.2222,22.638,-0.41580000000000084,-1.8367,69180.02,33704.814,4.62
002666.SZ,20210326,22.2222,22.4532,22.1298,22.3146,22.2222,0.09239999999999782,0.4158,49540.0,23897.678,4.62
002666.SZ,20210329,22.407,22.407,21.9912,22.0374,22.3146,-0.277199999999997,-1.2422,48148.0,23115.433,4.62
002666.SZ,20210330,22.0374,22.0374,21.483,21.5292,22.0374,-0.5082000000000022,-2.3061,49858.52,23340.967,4.62
002666.SZ,20210331,21.6678,21.8064,21.483,21.6678,21.5292,0.13860000000000028,0.6438,34264.32,16030.762,4.62
002666.SZ,20210401,21.714,21.8064,21.483,21.5754,21.6678,-0.09240000000000137,-0.4264,28374.0,13265.267,4.62
002666.SZ,20210402,21.6678,21.8064,21.5754,21.6678,21.5754,0.09240000000000137,0.4283,28694.54,13469.126,4.62
002666.SZ,20210406,21.7602,22.0374,21.714,21.8988,21.6678,0.23100000000000165,1.0661,29799.0,14140.187,4.62
002666.SZ,20210407,21.945,22.2222,21.8526,22.176,21.8988,0.277199999999997,1.2658,46921.0,22414.935,4.62
002666.SZ,20210408,22.3146,22.3146,21.714,21.8526,22.176,-0.32339999999999947,-1.4583,36364.04,17365.876,4.62
002666.SZ,20210409,21.8988,22.2222,21.8064,21.9912,21.8526,0.13860000000000028,0.6342,36001.0,17178.884,4.62
002666.SZ,20210412,21.9912,22.1298,21.5292,21.6216,21.9912,-0.3695999999999984,-1.6807,41335.28,19489.38,4.62
002666.SZ,20210413,21.483,21.6678,21.3444,21.3906,21.6216,-0.23100000000000165,-1.0684,22131.0,10303.568,4.62
002666.SZ,20210414,21.3906,21.8064,21.2982,21.7602,21.3906,0.3696000000000019,1.7279,37775.22,17635.659,4.62
002666.SZ,20210415,22.0836,22.8228,21.9912,22.7304,21.7602,0.9701999999999984,4.4586,100565.76,48641.434,4.62
002666.SZ,20210416,22.4994,23.1924,22.4994,22.9614,22.7304,0.23100000000000165,1.0163,87213.0,43294.008,4.62
002666.SZ,20210419,23.1924,23.793,23.0076,23.7006,22.9614,0.7392000000000003,3.2193,130596.47,66473.566,4.62
002666.SZ,20210420,23.6082,23.8854,23.331,23.3772,23.7006,-0.323400000000003,-1.3645,87954.0,44788.979,4.62
002666.SZ,20210421,23.2848,23.5158,23.1,23.2386,23.3772,-0.13859999999999673,-0.5929,59166.08,29820.656,4.62
002666.SZ,20210422,23.2386,23.6544,23.1924,23.2848,23.2386,0.04619999999999891,0.1988,46976.95,23746.933,4.62
002666.SZ,20210423,23.331,23.3772,22.869,23.1,23.2848,-0.1847999999999992,-0.7937,56798.17,28381.639,4.62
002666.SZ,20210426,23.2848,23.562,23.1462,23.4234,23.1,0.32339999999999947,1.4,61760.29,31328.546,4.62
002666.SZ,20210427,23.4234,23.4234,22.7304,23.1462,23.4234,-0.27720000000000056,-1.1834,78060.0,38896.735,4.62
002666.SZ,20210428,23.0538,23.2848,22.8228,23.0538,23.1462,-0.09240000000000137,-0.3992,37746.0,18804.278,4.62
002666.SZ,20210429,23.0076,23.562,23.0076,23.4234,23.0538,0.3696000000000019,1.6032,62345.59,31459.727,4.62
002666.SZ,20210430,23.4234,23.4234,22.9152,23.0538,23.4234,-0.3696000000000019,-1.5779,57693.36,28782.766,4.62
