ts_code,trade_date,open,high,low,close,pre_close,change,pct_chg,vol,amount
002881.SZ,20180102,30.22,30.57,30.13,30.31,30.39,-0.08,-0.26,10802.65,32760.362
002881.SZ,20180103,30.34,30.58,29.57,30.24,30.31,-0.07,-0.23,18849.49,56707.833
002881.SZ,20180104,30.03,30.16,29.15,29.32,30.24,-0.92,-3.04,17754.65,52429.907
002881.SZ,20180105,29.17,29.49,28.19,28.53,29.32,-0.79,-2.69,17503.89,50318.091
002881.SZ,20180108,28.84,28.84,28.1,28.47,28.53,-0.06,-0.21,11075.28,31373.401
002881.SZ,20180109,28.52,28.95,28.32,28.88,28.47,0.41,1.44,13137.26,37676.505
002881.SZ,20180110,28.8,28.8,27.61,28.03,28.88,-0.85,-2.94,12322.13,34665.023
002881.SZ,20180111,27.68,29.2,27.68,28.83,28.03,0.8,2.85,13989.3,40214.462
002881.SZ,20180112,28.83,28.9,28.15,28.16,28.83,-0.67,-2.32,9220.36,26132.209
002881.SZ,20180115,28.0,28.0,26.68,26.7,28.16,-1.46,-5.18,13454.41,36410.438
002881.SZ,20180116,26.5,27.35,26.5,27.13,26.7,0.43,1.61,8155.28,22134.118
002881.SZ,20180117,27.2,28.12,27.2,27.85,27.13,0.72,2.65,14052.15,39064.21
002881.SZ,20180118,27.7,27.96,27.2,27.48,27.85,-0.37,-1.33,9220.16,25391.593
002881.SZ,20180119,27.25,28.96,27.25,27.71,27.48,0.23,0.84,14494.16,40818.825
002881.SZ,20180122,27.43,27.95,26.5,27.71,27.71,0.0,0.0,12713.02,34711.412
002881.SZ,20180123,27.72,28.3,27.62,27.77,27.71,0.06,0.22,9913.45,27692.381
002881.SZ,20180124,27.77,30.55,27.6,30.55,27.77,2.78,10.01,53493.14,158903.09
002881.SZ,20180125,30.24,31.39,29.8,30.82,30.55,0.27,0.88,68900.98,211481.7
002881.SZ,20180126,30.38,31.15,30.01,30.01,30.82,-0.81,-2.63,35906.88,109559.024
002881.SZ,20180129,29.91,30.31,28.82,29.2,30.01,-0.81,-2.7,22914.02,67366.846
002881.SZ,20180130,29.51,29.92,28.9,29.68,29.2,0.48,1.64,16929.15,49972.621
002881.SZ,20180131,29.86,29.88,28.81,28.81,29.68,-0.87,-2.93,22881.97,67062.495
002881.SZ,20180201,28.52,29.26,27.7,28.55,28.81,-0.26,-0.9,25966.06,73964.645
002881.SZ,20180202,28.11,28.34,25.7,25.7,28.55,-2.85,-9.98,20274.89,53898.395
002881.SZ,20180205,25.5,26.0,24.24,25.0,25.7,-0.7,-2.72,17420.17,43997.082
002881.SZ,20180206,24.28,24.31,22.5,22.51,25.0,-2.49,-9.96,22712.38,53127.947
002881.SZ,20180207,23.03,23.8,21.51,22.76,22.51,0.25,1.11,18277.02,41878.78
002881.SZ,20180208,22.76,24.1,22.33,23.6,22.76,0.84,3.69,17015.31,40118.175
002881.SZ,20180209,22.5,24.5,22.1,24.3,23.6,0.7,2.97,23527.35,55100.768
002881.SZ,20180212,24.28,26.73,24.01,26.73,24.3,2.43,10.0,42293.48,107626.964
002881.SZ,20180213,26.82,28.2,25.67,28.2,26.73,1.47,5.5,41099.14,108583.758
002881.SZ,20180214,27.26,28.2,26.35,26.6,28.2,-1.6,-5.67,35770.54,96922.784
002881.SZ,20180222,26.75,27.1,26.16,26.55,26.6,-0.05,-0.19,24361.18,64904.575
002881.SZ,20180223,26.86,26.86,25.0,25.74,26.55,-0.81,-3.05,25971.13,66864.923
002881.SZ,20180226,26.0,27.48,25.9,27.23,25.74,1.49,5.79,31416.25,83741.262
002881.SZ,20180227,27.3,27.66,26.91,27.04,27.23,-0.19,-0.7,29683.12,80927.474
002881.SZ,20180228,26.83,27.87,26.83,27.02,27.04,-0.02,-0.07,21969.12,60002.279
002881.SZ,20180301,26.69,27.7,26.69,27.5,27.02,0.48,1.78,21896.12,59832.683
002881.SZ,20180302,27.55,29.59,27.38,27.4,27.5,-0.1,-0.36,33957.86,95783.241
002881.SZ,20180305,27.43,28.45,27.03,28.04,27.4,0.64,2.34,28246.17,78317.972
002881.SZ,20180306,28.6,30.5,28.6,29.4,28.04,1.36,4.85,55402.45,163334.528
002881.SZ,20180307,29.12,29.7,28.49,28.65,29.4,-0.75,-2.55,32679.78,94706.132
002881.SZ,20180308,28.46,30.25,28.46,28.92,28.65,0.27,0.94,29443.66,85961.826
002881.SZ,20180309,28.78,30.38,28.78,30.2,28.92,1.28,4.43,42204.4,125475.408
002881.SZ,20180312,31.0,31.5,29.97,30.35,30.2,0.15,0.5,42192.81,129395.612
002881.SZ,20180313,29.95,30.65,29.2,29.36,30.35,-0.99,-3.26,29051.57,86554.807
002881.SZ,20180314,29.44,30.15,29.2,29.39,29.36,0.03,0.1,20639.35,61307.851
002881.SZ,20180315,29.0,29.2,26.45,27.75,29.39,-1.64,-5.58,29569.88,81981.96
002881.SZ,20180316,27.4,28.41,27.21,27.49,27.75,-0.26,-0.94,13925.59,38773.622
002881.SZ,20180319,27.21,28.3,27.21,27.89,27.49,0.4,1.46,12901.55,36088.97
002881.SZ,20180320,27.7,28.25,26.9,28.2,27.89,0.31,1.11,15654.84,43273.531
002881.SZ,20180321,28.16,29.53,28.01,28.65,28.2,0.45,1.6,27539.3,79487.82
002881.SZ,20180322,28.55,29.28,28.34,29.04,28.65,0.39,1.36,20929.43,60337.177
002881.SZ,20180323,27.98,27.98,26.14,26.14,29.04,-2.9,-9.99,26586.64,71367.348
002881.SZ,20180326,25.2,27.2,24.31,27.09,26.14,0.95,3.63,18071.45,46972.494
002881.SZ,20180327,28.06,29.8,28.06,29.8,27.09,2.71,10.0,29336.89,85334.862
002881.SZ,20180328,31.0,32.78,30.88,32.78,29.8,2.98,10.0,51594.73,165507.452
002881.SZ,20180329,35.5,35.5,30.69,31.8,32.78,-0.98,-2.99,101462.01,336116.2
002881.SZ,20180330,31.28,32.95,31.21,31.85,31.8,0.05,0.16,64412.66,205984.713
002881.SZ,20180402,31.8,35.04,31.8,35.04,31.85,3.19,10.02,111100.94,380190.774
002881.SZ,20180403,33.05,36.61,33.0,36.61,35.04,1.57,4.48,105558.37,369841.957
002881.SZ,20180404,35.5,35.99,33.21,33.45,36.61,-3.16,-8.63,82823.95,288030.153
002881.SZ,20180409,33.95,34.75,32.88,33.75,33.45,0.3,0.9,54996.53,187393.035
002881.SZ,20180410,34.04,36.04,33.18,34.68,33.75,0.93,2.76,61263.33,212165.113
002881.SZ,20180411,34.23,37.36,34.15,36.62,34.68,1.94,5.59,83930.2,300966.702
002881.SZ,20180412,35.58,35.74,34.0,34.17,36.62,-2.45,-6.69,59286.29,205726.953
002881.SZ,20180413,34.59,34.75,33.0,33.11,34.17,-1.06,-3.1,34351.17,115341.942
002881.SZ,20180416,33.16,33.99,32.65,33.75,33.11,0.64,1.93,24739.26,82189.566
002881.SZ,20180417,34.0,34.4,31.32,31.32,33.75,-2.43,-7.2,34798.3,114422.007
002881.SZ,20180418,31.35,32.53,29.3,32.16,31.32,0.84,2.68,32357.96,100871.753
002881.SZ,20180419,32.2,32.88,31.6,31.71,32.16,-0.45,-1.4,28281.39,91528.934
002881.SZ,20180420,31.23,33.42,31.23,31.7,31.71,-0.01,-0.03,30198.89,97856.688
002881.SZ,20180423,31.42,33.86,30.3,33.8,31.7,2.1,6.62,51507.01,167459.133
002881.SZ,20180424,33.26,35.37,33.0,34.99,33.8,1.19,3.52,58404.22,200271.065
002881.SZ,20180425,34.0,35.98,33.85,34.79,34.99,-0.2,-0.57,49525.22,173843.011
002881.SZ,20180426,34.5,34.72,33.21,33.36,34.79,-1.43,-4.11,34089.31,115597.155
002881.SZ,20180427,36.7,36.7,33.9,34.15,33.36,0.79,2.37,64086.65,228049.257
002881.SZ,20180502,32.55,33.33,31.75,32.75,34.15,-1.4,-4.1,37555.02,122786.078
002881.SZ,20180503,32.65,35.85,32.62,35.3,32.75,2.55,7.79,42821.85,146992.778
002881.SZ,20180504,35.99,38.83,35.94,36.8,35.3,1.5,4.25,84550.33,316045.263
002881.SZ,20180507,37.06,40.48,37.06,40.48,36.8,3.68,10.0,126223.57,501819.419
002881.SZ,20180508,39.79,40.38,38.55,39.3,40.48,-1.18,-2.92,92635.4,365644.402
002881.SZ,20180509,38.68,39.83,38.23,38.96,39.3,-0.34,-0.87,59427.35,231230.516
002881.SZ,20180510,39.39,39.95,38.5,38.8,38.96,-0.16,-0.41,45218.04,176939.683
002881.SZ,20180511,38.65,38.86,37.15,37.22,38.8,-1.58,-4.07,39975.25,150855.358
002881.SZ,20180514,37.45,38.65,37.1,37.73,37.22,0.51,1.37,32015.27,121013.698
002881.SZ,20180515,37.61,38.17,36.61,37.88,37.73,0.15,0.4,29059.01,109283.175
002881.SZ,20180516,37.4,39.5,37.21,38.95,37.88,1.07,2.82,54354.27,211467.476
002881.SZ,20180517,38.95,38.97,37.86,38.52,38.95,-0.43,-1.1,31950.15,122397.515
002881.SZ,20180518,38.16,38.65,37.35,37.85,38.52,-0.67,-1.74,29616.47,112281.286
002881.SZ,20180521,38.15,40.34,38.15,39.63,37.85,1.78,4.7,51165.26,201026.251
002881.SZ,20180522,39.2,42.3,39.2,40.93,39.63,1.3,3.28,66490.19,271298.803
002881.SZ,20180523,40.94,42.5,39.89,40.7,40.93,-0.23,-0.56,60152.3,246479.095
002881.SZ,20180524,40.91,41.26,40.21,40.58,40.7,-0.12,-0.29,32644.87,132708.377
002881.SZ,20180525,40.49,41.09,38.09,38.84,40.58,-1.74,-4.29,45614.89,179275.86
002881.SZ,20180528,39.25,39.78,38.5,38.5,38.84,-0.34,-0.88,27413.02,107163.277
002881.SZ,20180529,39.01,40.48,38.54,38.99,38.5,0.49,1.27,41780.12,165491.706
002881.SZ,20180530,37.01,37.1,35.09,35.09,38.99,-3.9,-10.0,43082.02,154861.429
002881.SZ,20180531,35.6,36.07,35.1,35.92,35.09,0.83,2.37,23819.66,85144.831
002881.SZ,20180601,35.41,36.92,35.4,36.53,35.92,0.61,1.7,26099.13,94594.763
002881.SZ,20180604,37.14,37.97,36.46,37.94,36.53,1.41,3.86,39207.48,146150.118
002881.SZ,20180605,22.43,23.36,22.0,22.82,22.26,0.56,2.52,102550.53,233367.622
002881.SZ,20180606,24.34,25.1,24.34,25.1,22.82,2.28,9.99,60252.89,150810.164
002881.SZ,20180607,27.61,27.61,23.33,23.45,25.1,-1.65,-6.57,234114.39,592969.913
002881.SZ,20180608,22.4,23.26,21.82,23.0,23.45,-0.45,-1.92,133946.27,303434.079
002881.SZ,20180611,22.6,23.8,22.3,23.3,23.0,0.3,1.3,107540.42,249366.222
002881.SZ,20180612,23.49,23.49,21.5,22.5,23.3,-0.8,-3.43,88905.97,198818.501
002881.SZ,20180613,22.14,22.8,21.0,21.17,22.5,-1.33,-5.91,81868.27,178477.729
002881.SZ,20180614,21.11,22.55,20.78,22.0,21.17,0.83,3.92,80771.7,176483.89
002881.SZ,20180615,21.9,22.3,20.83,21.08,22.0,-0.92,-4.18,61168.21,131177.971
002881.SZ,20180619,20.01,20.02,18.97,18.97,21.08,-2.11,-10.01,52386.92,101520.374
002881.SZ,20180620,18.36,19.49,18.07,19.14,18.97,0.17,0.9,51949.62,98506.723
002881.SZ,20180621,19.01,19.66,18.04,18.12,19.14,-1.02,-5.33,52299.75,98851.015
002881.SZ,20180622,18.0,19.33,17.63,19.12,18.12,1.0,5.52,48839.68,91436.883
002881.SZ,20180625,20.01,20.02,19.01,19.2,19.12,0.08,0.42,50119.01,97715.157
002881.SZ,20180626,18.64,19.87,18.56,19.71,19.2,0.51,2.66,53373.83,103758.242
002881.SZ,20180627,19.75,20.15,19.53,19.93,19.71,0.22,1.12,48087.19,95362.687
002881.SZ,20180628,19.9,20.85,19.71,20.49,19.93,0.56,2.81,73744.56,150021.61
002881.SZ,20180629,20.13,21.0,20.13,20.85,20.49,0.36,1.76,63454.28,130947.906
002881.SZ,20180702,20.8,20.95,19.53,19.81,20.85,-1.04,-4.99,61669.35,124975.238
002881.SZ,20180703,19.85,20.86,19.72,20.8,19.81,0.99,5.0,61097.0,124489.889
002881.SZ,20180704,21.0,21.8,20.38,20.54,20.8,-0.26,-1.25,94864.34,199861.714
002881.SZ,20180705,19.98,20.28,19.01,19.09,20.54,-1.45,-7.06,62586.34,122064.511
002881.SZ,20180706,19.24,19.88,19.0,19.35,19.09,0.26,1.36,48702.92,94534.052
002881.SZ,20180709,19.6,20.3,19.51,20.18,19.35,0.83,4.29,46724.2,93067.065
002881.SZ,20180710,20.21,20.88,19.8,20.85,20.18,0.67,3.32,64355.07,132177.498
002881.SZ,20180711,20.21,20.25,19.2,19.85,20.85,-1.0,-4.8,61358.65,121337.435
002881.SZ,20180712,21.07,21.8,20.33,20.51,19.85,0.66,3.32,72143.53,149881.55
002881.SZ,20180713,20.3,21.12,20.24,20.68,20.51,0.17,0.83,71062.66,147754.963
002881.SZ,20180716,20.8,22.75,20.51,22.75,20.68,2.07,10.01,88074.74,194920.725
002881.SZ,20180717,22.86,24.38,22.01,23.57,22.75,0.82,3.6,209557.53,484721.878
002881.SZ,20180718,22.65,23.1,22.2,22.5,23.57,-1.07,-4.54,115656.49,261823.382
002881.SZ,20180719,22.27,22.39,21.44,21.85,22.5,-0.65,-2.89,71365.23,155880.329
002881.SZ,20180720,21.8,22.38,21.54,22.26,21.85,0.41,1.8764,61113.06,134827.887
002881.SZ,20180723,21.96,22.43,21.8,22.21,22.26,-0.05,-0.2246,48264.7,106805.625
002881.SZ,20180724,22.21,22.33,21.62,21.99,22.21,-0.22,-0.9905,47027.5,103286.629
002881.SZ,20180725,21.9,23.41,21.82,22.83,21.99,0.84,3.8199,102694.13,233048.368
002881.SZ,20180726,22.8,22.8,21.21,21.56,22.83,-1.27,-5.5629,76920.4,167201.387
002881.SZ,20180727,21.29,21.48,20.8,20.9,21.56,-0.66,-3.0612,43241.3,91172.854
002881.SZ,20180730,20.68,20.99,19.8,20.13,20.9,-0.77,-3.6842,38419.78,77689.779
002881.SZ,20180731,19.98,20.68,19.93,20.21,20.13,0.08,0.3974,21925.99,44390.209
002881.SZ,20180801,20.39,20.39,19.21,19.32,20.21,-0.89,-4.4038,36816.25,72824.087
002881.SZ,20180802,19.25,19.25,18.0,18.61,19.32,-0.71,-3.6749,34797.22,64343.823
002881.SZ,20180803,18.4,18.88,18.37,18.37,18.61,-0.24,-1.2896,21973.2,40909.237
002881.SZ,20180806,18.37,18.77,17.78,18.0,18.37,-0.37,-2.0142,21989.3,40049.546
002881.SZ,20180807,18.2,18.68,17.7,18.66,18.0,0.66,3.6667,28600.52,52291.178
002881.SZ,20180808,18.62,18.77,17.92,18.0,18.66,-0.66,-3.537,27092.77,49562.119
002881.SZ,20180809,17.88,19.49,17.81,18.78,18.0,0.78,4.3333,42649.7,80302.341
002881.SZ,20180810,18.78,20.66,18.49,20.66,18.78,1.88,10.0106,92512.33,185529.752
002881.SZ,20180813,20.66,21.43,20.31,21.05,20.66,0.39,1.8877,121419.61,253881.179
002881.SZ,20180814,20.55,20.71,20.08,20.31,21.05,-0.74,-3.5154,66569.93,135900.732
002881.SZ,20180815,20.11,20.25,19.4,19.76,20.31,-0.55,-2.708,52369.26,103831.171
002881.SZ,20180816,19.39,21.5,19.07,20.91,19.76,1.15,5.8198,124478.87,258851.705
002881.SZ,20180817,20.91,20.97,20.05,20.18,20.91,-0.73,-3.4912,70045.22,143295.509
002881.SZ,20180820,20.07,20.99,19.86,20.92,20.18,0.74,3.667,72197.12,148491.69
002881.SZ,20180821,20.87,21.4,20.2,20.82,20.92,-0.1,-0.478,71351.1,148399.63
002881.SZ,20180822,20.74,20.77,20.22,20.39,20.82,-0.43,-2.0653,38466.93,78807.576
002881.SZ,20180823,20.38,21.17,19.88,20.68,20.39,0.29,1.4223,65393.23,135059.698
002881.SZ,20180824,20.67,20.67,20.06,20.1,20.68,-0.58,-2.8046,39504.0,80418.538
002881.SZ,20180827,20.1,21.08,20.1,20.92,20.1,0.82,4.0796,58358.21,121254.007
002881.SZ,20180828,20.87,21.48,20.59,20.85,20.92,-0.07,-0.3346,62323.3,130632.465
002881.SZ,20180829,20.92,21.05,20.4,20.5,20.85,-0.35,-1.6787,31564.68,65029.471
002881.SZ,20180830,20.53,20.73,19.52,19.7,20.5,-0.8,-3.9024,37566.6,75691.372
002881.SZ,20180831,19.9,20.04,19.41,19.47,19.7,-0.23,-1.1675,28030.62,55251.098
002881.SZ,20180903,19.29,19.29,18.0,18.87,19.47,-0.6,-3.0817,38469.62,71279.334
002881.SZ,20180904,18.93,19.3,18.77,19.04,18.87,0.17,0.9009,23249.72,44312.706
002881.SZ,20180905,19.0,19.52,18.65,19.31,19.04,0.27,1.4181,37991.53,72692.813
002881.SZ,20180906,19.14,19.8,18.91,19.19,19.31,-0.12,-0.6214,31947.4,61828.103
002881.SZ,20180907,19.02,19.48,18.21,18.52,19.19,-0.67,-3.4914,33132.0,62514.032
002881.SZ,20180910,18.32,18.64,18.18,18.22,18.52,-0.3,-1.6199,17652.7,32380.109
002881.SZ,20180911,18.5,18.8,18.21,18.49,18.22,0.27,1.4819,19196.2,35508.423
002881.SZ,20180912,18.55,18.86,18.34,18.53,18.49,0.04,0.2163,17206.3,31985.61
002881.SZ,20180913,18.75,19.15,18.52,18.9,18.53,0.37,1.9968,33413.1,62902.283
002881.SZ,20180914,18.92,19.08,18.24,18.26,18.9,-0.64,-3.3862,22062.7,41092.514
002881.SZ,20180917,17.9,18.43,17.8,18.17,18.26,-0.09,-0.4929,16101.3,29198.207
002881.SZ,20180918,18.0,18.66,17.88,18.54,18.17,0.37,2.0363,20881.6,38261.951
002881.SZ,20180919,18.51,18.96,18.3,18.63,18.54,0.09,0.4854,24051.4,44902.14
002881.SZ,20180920,18.55,18.74,18.18,18.24,18.63,-0.39,-2.0934,20586.2,37873.465
002881.SZ,20180921,18.36,18.5,18.04,18.4,18.24,0.16,0.8772,16929.8,30962.469
002881.SZ,20180925,18.29,18.43,18.13,18.22,18.4,-0.18,-0.9783,11217.03,20492.586
002881.SZ,20180926,18.26,18.57,18.15,18.35,18.22,0.13,0.7135,15043.3,27595.721
002881.SZ,20180927,18.35,18.35,17.8,17.85,18.35,-0.5,-2.7248,19793.62,35714.992
002881.SZ,20180928,17.87,18.0,17.72,17.96,17.85,0.11,0.6162,11208.62,20080.565
002881.SZ,20181008,17.67,17.67,16.16,16.16,17.96,-1.8,-10.0223,28152.3,47241.997
002881.SZ,20181009,16.14,16.38,16.01,16.24,16.16,0.08,0.495,14664.93,23778.413
002881.SZ,20181010,16.24,17.4,16.15,16.77,16.24,0.53,3.2635,23093.43,38934.862
002881.SZ,20181011,16.04,16.24,15.09,15.15,16.77,-1.62,-9.6601,29069.35,45154.701
002881.SZ,20181012,15.01,15.47,13.86,15.43,15.15,0.28,1.8482,30928.42,45954.574
002881.SZ,20181015,15.7,16.95,15.44,16.01,15.43,0.58,3.7589,45636.72,73993.32
002881.SZ,20181016,15.54,16.18,15.3,15.75,16.01,-0.26,-1.624,35907.72,56810.721
002881.SZ,20181017,16.41,17.33,16.0,16.33,15.75,0.58,3.6825,63390.3,105630.663
002881.SZ,20181018,15.75,16.33,14.78,14.99,16.33,-1.34,-8.2058,49084.02,75214.869
002881.SZ,20181019,14.5,15.54,14.2,15.44,14.99,0.45,3.002,41672.26,62862.47
002881.SZ,20181022,15.55,16.35,15.5,16.08,15.44,0.64,4.1451,44073.86,70391.296
002881.SZ,20181023,16.02,16.16,15.58,15.69,16.08,-0.39,-2.4254,30712.0,48570.151
002881.SZ,20181024,15.7,15.91,15.39,15.5,15.69,-0.19,-1.211,21774.0,34183.74
002881.SZ,20181025,14.81,15.21,14.65,15.17,15.5,-0.33,-2.129,21320.92,31823.399
002881.SZ,20181026,15.55,16.69,14.77,15.8,15.17,0.63,4.1529,64661.46,103289.689
002881.SZ,20181029,15.45,15.65,15.2,15.27,15.8,-0.53,-3.3544,40077.0,61526.415
002881.SZ,20181030,15.1,15.4,14.58,15.24,15.27,-0.03,-0.1965,31509.62,47479.632
002881.SZ,20181031,15.24,15.66,15.13,15.47,15.24,0.23,1.5092,30160.3,46544.85
002881.SZ,20181101,15.9,16.16,15.59,15.61,15.47,0.14,0.905,55965.1,88879.778
002881.SZ,20181102,15.83,16.25,15.8,16.05,15.61,0.44,2.8187,48274.0,77275.126
002881.SZ,20181105,16.13,16.35,15.7,16.1,16.05,0.05,0.3115,43568.42,69968.02
002881.SZ,20181106,16.14,17.71,15.7,17.71,16.1,1.61,10.0,115660.12,199396.62
002881.SZ,20181107,17.75,18.89,17.53,17.87,17.71,0.16,0.9034,161467.26,290585.397
002881.SZ,20181108,17.54,19.66,17.37,19.66,17.87,1.79,10.0168,190934.12,357257.66
002881.SZ,20181109,19.59,19.95,18.75,19.2,19.66,-0.46,-2.3398,175500.84,338997.112
002881.SZ,20181112,18.86,19.63,18.86,19.25,19.2,0.05,0.2604,118351.53,227643.758
002881.SZ,20181113,19.08,19.49,18.71,19.17,19.25,-0.08,-0.4156,126480.86,242327.642
002881.SZ,20181114,19.0,19.6,18.73,18.87,19.17,-0.3,-1.5649,107705.1,206314.665
002881.SZ,20181115,18.8,19.48,18.52,19.27,18.87,0.4,2.1198,112289.73,214105.271
002881.SZ,20181116,19.15,19.4,18.89,19.02,19.27,-0.25,-1.2974,83599.53,159606.47
002881.SZ,20181119,18.91,19.16,18.33,18.53,19.02,-0.49,-2.5762,68468.69,127990.917
002881.SZ,20181120,18.41,18.85,17.8,18.0,18.53,-0.53,-2.8602,51873.98,95270.647
002881.SZ,20181121,17.53,17.99,17.46,17.91,18.0,-0.09,-0.5,36252.3,64456.13
002881.SZ,20181122,18.1,18.1,17.89,17.92,17.91,0.01,0.0558,25983.4,46731.057
002881.SZ,20181123,17.98,18.07,16.81,17.12,17.92,-0.8,-4.4643,38768.98,67252.858
002881.SZ,20181126,17.18,17.4,17.05,17.32,17.12,0.2,1.1682,26371.4,45424.763
002881.SZ,20181127,17.38,18.84,17.29,18.28,17.32,0.96,5.5427,80324.44,145611.652
002881.SZ,20181128,18.02,18.25,17.46,18.15,18.28,-0.13,-0.7112,55504.62,99800.418
002881.SZ,20181129,18.19,18.35,17.03,17.1,18.15,-1.05,-5.7851,47317.08,83899.114
002881.SZ,20181130,16.95,17.7,16.89,17.43,17.1,0.33,1.9298,34086.37,59253.992
002881.SZ,20181203,17.9,18.24,17.7,17.96,17.43,0.53,3.0407,44576.63,80325.592
002881.SZ,20181204,17.86,18.1,17.72,17.97,17.96,0.01,0.0557,29930.28,53646.203
002881.SZ,20181205,17.53,17.9,17.44,17.67,17.97,-0.3,-1.6694,23025.1,40705.197
002881.SZ,20181206,17.64,17.66,16.7,16.87,17.67,-0.8,-4.5274,35573.5,60811.323
002881.SZ,20181207,16.89,17.61,16.89,17.18,16.87,0.31,1.8376,31022.86,53626.649
002881.SZ,20181210,16.97,17.85,16.86,17.5,17.18,0.32,1.8626,36927.54,64681.861
002881.SZ,20181211,17.5,17.86,17.3,17.85,17.5,0.35,2.0,40586.2,71676.036
002881.SZ,20181212,18.15,18.15,17.2,17.33,17.85,-0.52,-2.9132,33127.8,57873.348
002881.SZ,20181213,17.5,17.86,17.26,17.59,17.33,0.26,1.5003,28746.75,50517.435
002881.SZ,20181214,17.5,17.5,16.8,16.84,17.59,-0.75,-4.2638,30393.7,51851.462
002881.SZ,20181217,16.63,16.99,16.4,16.93,16.84,0.09,0.5344,14449.65,24189.558
002881.SZ,20181218,16.78,17.05,16.55,16.73,16.93,-0.2,-1.1813,13771.54,23068.535
002881.SZ,20181219,16.73,17.3,16.66,16.8,16.73,0.07,0.4184,20081.22,34061.624
002881.SZ,20181220,16.73,17.29,16.62,17.12,16.8,0.32,1.9048,22508.2,38094.719
002881.SZ,20181221,17.0,17.2,16.77,17.09,17.12,-0.03,-0.1752,17708.1,30121.304
002881.SZ,20181224,17.3,18.09,17.1,17.93,17.09,0.84,4.9152,58706.97,104414.612
002881.SZ,20181225,17.47,18.79,17.25,18.65,17.93,0.72,4.0156,96947.65,176178.095
002881.SZ,20181226,18.3,18.64,18.0,18.01,18.65,-0.64,-3.4316,60857.05,111212.744
002881.SZ,20181227,18.27,18.58,18.02,18.05,18.01,0.04,0.2221,52011.8,95187.741
002881.SZ,20181228,18.09,18.23,17.6,17.81,18.05,-0.24,-1.3296,38235.65,68579.907
002881.SZ,20190102,17.99,18.5,17.74,18.4,17.81,0.59,3.3127,46971.89,85727.247
002881.SZ,20190103,18.18,18.36,17.16,17.3,18.4,-1.1,-5.9783,51479.09,90938.394
002881.SZ,20190104,16.96,17.71,16.6,17.55,17.3,0.25,1.4451,31240.18,54033.84
002881.SZ,20190107,17.65,18.19,17.65,17.94,17.55,0.39,2.2222,38341.6,68988.124
002881.SZ,20190108,17.88,18.47,17.88,18.15,17.94,0.21,1.1706,47973.37,87181.535
002881.SZ,20190109,18.05,18.65,17.7,18.08,18.15,-0.07,-0.3857,61447.62,112268.134
002881.SZ,20190110,17.94,19.39,17.9,18.59,18.08,0.51,2.8208,87300.88,162272.254
002881.SZ,20190111,18.63,19.18,18.32,18.5,18.59,-0.09,-0.4841,71933.89,134560.428
002881.SZ,20190114,18.5,18.69,17.78,18.07,18.5,-0.43,-2.3243,46744.49,84317.077
002881.SZ,20190115,17.9,19.05,17.88,18.8,18.07,0.73,4.0398,80026.38,149268.613
002881.SZ,20190116,18.58,18.76,18.21,18.28,18.8,-0.52,-2.766,47289.48,87313.619
002881.SZ,20190117,18.25,18.97,18.25,18.94,18.28,0.66,3.6105,66988.38,125111.337
002881.SZ,20190118,18.6,18.88,18.31,18.55,18.94,-0.39,-2.0591,47968.41,88988.949
002881.SZ,20190121,18.55,19.32,18.33,19.2,18.55,0.65,3.504,83789.27,158959.159
002881.SZ,20190122,19.0,19.57,18.75,19.46,19.2,0.26,1.3542,74321.35,142034.84
002881.SZ,20190123,19.27,19.79,19.09,19.36,19.46,-0.1,-0.5139,66189.0,128254.031
002881.SZ,20190124,19.12,19.18,18.53,19.06,19.36,-0.3,-1.5496,57001.08,107671.732
002881.SZ,20190125,18.92,19.11,18.18,18.23,19.06,-0.83,-4.3547,50543.46,94157.072
002881.SZ,20190128,18.37,18.5,17.9,18.0,18.23,-0.23,-1.2617,27282.2,49844.602
002881.SZ,20190129,17.88,18.1,16.2,17.03,18.0,-0.97,-5.3889,46525.26,79397.177
002881.SZ,20190130,16.78,17.17,16.55,16.57,17.03,-0.46,-2.7011,19749.0,33224.931
002881.SZ,20190131,16.51,16.9,15.76,16.2,16.57,-0.37,-2.233,23750.84,38978.519
002881.SZ,20190201,16.28,16.71,16.28,16.7,16.2,0.5,3.0864,13818.35,22919.079
002881.SZ,20190211,16.89,17.25,16.72,17.19,16.7,0.49,2.9341,22560.53,38602.802
002881.SZ,20190212,17.3,17.45,17.15,17.3,17.19,0.11,0.6399,28395.41,49028.619
002881.SZ,20190213,17.3,17.77,17.2,17.61,17.3,0.31,1.7919,36341.04,63781.135
002881.SZ,20190214,17.59,17.76,17.4,17.53,17.61,-0.08,-0.4543,23636.21,41489.465
002881.SZ,20190215,17.53,18.41,17.49,17.77,17.53,0.24,1.3691,38412.2,68658.24
002881.SZ,20190218,17.78,18.49,17.78,18.44,17.77,0.67,3.7704,46139.97,84067.473
002881.SZ,20190219,18.65,18.75,18.0,18.26,18.44,-0.18,-0.9761,42435.31,77682.614
002881.SZ,20190220,18.32,18.75,18.08,18.7,18.26,0.44,2.4096,52348.56,96692.278
002881.SZ,20190221,18.6,19.11,18.33,18.5,18.7,-0.2,-1.0695,74204.2,139130.776
002881.SZ,20190222,18.29,18.95,18.29,18.77,18.5,0.27,1.4595,56100.03,104767.565
002881.SZ,20190225,19.08,19.96,18.88,19.74,18.77,0.97,5.1678,97601.07,189725.141
002881.SZ,20190226,19.75,19.88,19.15,19.27,19.74,-0.47,-2.381,67647.28,131790.146
002881.SZ,20190227,19.23,19.44,18.7,18.95,19.27,-0.32,-1.6606,45416.8,86831.962
002881.SZ,20190228,19.14,19.55,19.01,19.39,18.95,0.44,2.3219,38287.79,73717.612
002881.SZ,20190301,19.39,19.5,19.02,19.2,19.39,-0.19,-0.9799,30855.16,59282.095
002881.SZ,20190304,19.47,20.02,19.25,19.6,19.2,0.4,2.0833,64670.09,127073.505
002881.SZ,20190305,19.6,20.6,19.46,20.14,19.6,0.54,2.7551,73140.27,147082.61
002881.SZ,20190306,20.05,20.99,19.66,20.6,20.14,0.46,2.284,105490.47,213771.319
002881.SZ,20190307,20.63,22.29,20.26,21.8,20.6,1.2,5.8252,124907.97,268721.852
002881.SZ,20190308,21.2,21.96,20.01,20.4,21.8,-1.4,-6.422,79928.76,169710.019
002881.SZ,20190311,22.0,22.44,21.0,21.94,20.4,1.54,7.549,105734.76,230466.811
002881.SZ,20190312,24.13,24.13,22.21,23.31,21.94,1.37,6.2443,146446.87,337902.519
002881.SZ,20190313,23.11,25.56,22.21,23.48,23.31,0.17,0.7293,112183.4,266892.022
002881.SZ,20190314,22.45,23.0,21.54,22.26,23.48,-1.22,-5.1959,66637.69,147377.04
002881.SZ,20190315,22.46,22.74,21.45,21.68,22.26,-0.58,-2.6056,47076.8,103208.992
002881.SZ,20190318,21.69,22.52,21.63,22.18,21.68,0.5,2.3063,41860.81,92590.301
002881.SZ,20190319,22.14,22.5,22.02,22.32,22.18,0.14,0.6312,40431.45,89727.203
002881.SZ,20190320,22.35,22.4,21.3,21.6,22.32,-0.72,-3.2258,39490.88,85942.98
002881.SZ,20190321,21.6,22.65,21.6,22.19,21.6,0.59,2.7315,53731.28,119517.636
002881.SZ,20190322,22.11,22.68,21.88,22.32,22.19,0.13,0.5858,37548.73,83870.653
002881.SZ,20190325,21.94,23.2,21.8,22.58,22.32,0.26,1.1649,46828.82,106757.836
002881.SZ,20190326,22.69,22.86,21.42,21.74,22.58,-0.84,-3.7201,43137.08,94631.482
002881.SZ,20190327,21.64,21.78,20.78,21.66,21.74,-0.08,-0.368,27058.37,57681.53
002881.SZ,20190328,21.45,22.14,21.1,21.15,21.66,-0.51,-2.3546,31094.01,67053.926
002881.SZ,20190329,21.18,22.76,20.78,22.4,21.15,1.25,5.9102,55299.69,120535.294
002881.SZ,20190401,22.4,23.37,22.2,23.03,22.4,0.63,2.8125,75735.42,172451.49
002881.SZ,20190402,22.9,23.56,22.61,23.05,23.03,0.02,0.0868,66949.46,154222.222
002881.SZ,20190403,22.82,23.35,22.66,23.14,23.05,0.09,0.3905,46143.62,106149.537
002881.SZ,20190404,23.24,23.24,22.5,22.69,23.14,-0.45,-1.9447,37345.1,85221.598
002881.SZ,20190408,22.65,22.87,21.52,21.74,22.69,-0.95,-4.1869,55838.1,122293.979
002881.SZ,20190409,21.8,22.21,21.52,21.88,21.74,0.14,0.644,30269.42,66214.621
002881.SZ,20190410,21.53,21.79,21.17,21.38,21.88,-0.5,-2.2852,32933.75,70388.967
002881.SZ,20190411,21.41,21.51,20.54,20.7,21.38,-0.68,-3.1805,32880.15,68726.806
002881.SZ,20190412,20.7,21.0,20.6,20.85,20.7,0.15,0.7246,14099.43,29289.024
002881.SZ,20190415,20.99,21.81,20.95,21.28,20.85,0.43,2.0624,36132.47,77690.837
002881.SZ,20190416,21.13,22.46,20.87,22.32,21.28,1.04,4.8872,51237.44,112208.051
002881.SZ,20190417,22.6,23.23,22.06,22.35,22.32,0.03,0.1344,61458.94,139177.157
002881.SZ,20190418,22.28,22.32,21.7,21.8,22.35,-0.55,-2.4609,30471.5,66960.057
002881.SZ,20190419,21.95,22.35,21.6,21.93,21.8,0.13,0.5963,29123.1,63751.726
002881.SZ,20190422,22.2,22.96,22.01,22.34,21.93,0.41,1.8696,52428.94,118115.231
002881.SZ,20190423,21.91,22.34,21.28,21.37,22.34,-0.97,-4.342,35385.7,76485.96
002881.SZ,20190424,21.39,21.82,21.3,21.76,21.37,0.39,1.825,20749.23,44713.212
002881.SZ,20190425,21.74,21.75,20.6,20.68,21.76,-1.08,-4.9632,25732.84,54264.856
002881.SZ,20190426,20.0,20.0,18.81,18.89,20.68,-1.79,-8.6557,51071.13,98707.815
002881.SZ,20190429,19.15,19.15,17.75,17.95,18.89,-0.94,-4.9762,31845.47,58327.801
002881.SZ,20190430,17.98,18.43,17.86,18.05,17.95,0.1,0.5571,16964.82,30699.702
002881.SZ,20190506,17.06,17.34,16.25,16.29,18.05,-1.76,-9.7507,38190.59,63261.629
002881.SZ,20190507,16.49,16.81,16.15,16.61,16.29,0.32,1.9644,19685.93,32470.393
002881.SZ,20190508,16.16,16.79,16.0,16.46,16.61,-0.15,-0.9031,19898.31,32724.093
002881.SZ,20190509,16.25,16.91,16.24,16.63,16.46,0.17,1.0328,18072.63,30089.071
002881.SZ,20190510,16.75,17.45,16.4,17.35,16.63,0.72,4.3295,33849.06,57743.703
002881.SZ,20190513,17.06,17.38,17.0,17.08,17.35,-0.27,-1.5562,18746.1,32097.721
002881.SZ,20190514,16.74,17.26,16.71,17.01,17.08,-0.07,-0.4098,20333.09,34555.813
002881.SZ,20190515,17.24,17.45,17.05,17.44,17.01,0.43,2.5279,26022.53,45071.173
002881.SZ,20190516,17.63,17.63,17.21,17.37,17.44,-0.07,-0.4014,23904.52,41620.056
002881.SZ,20190517,17.3,18.59,17.16,17.51,17.37,0.14,0.806,47698.56,84501.809
002881.SZ,20190520,17.89,17.99,16.68,17.29,17.51,-0.22,-1.2564,34623.51,59766.805
002881.SZ,20190521,17.0,17.6,16.9,17.33,17.29,0.04,0.2313,24978.06,43249.461
002881.SZ,20190522,17.42,18.97,17.22,18.08,17.33,0.75,4.3278,75875.92,136807.846
002881.SZ,20190523,17.79,18.88,17.7,18.29,18.08,0.21,1.1615,64609.04,117454.356
002881.SZ,20190524,17.9,18.18,17.0,17.03,18.29,-1.26,-6.889,45415.31,79485.184
002881.SZ,20190527,17.15,17.74,17.01,17.7,17.03,0.67,3.9342,32132.4,56054.96
002881.SZ,20190528,17.79,17.95,17.37,17.8,17.7,0.1,0.565,38443.44,68033.729
002881.SZ,20190529,17.65,18.25,17.63,17.89,17.8,0.09,0.5056,37631.3,67762.549
002881.SZ,20190530,17.85,18.25,17.3,18.23,17.89,0.34,1.9005,41188.48,73007.124
002881.SZ,20190531,18.04,18.99,18.01,18.83,18.23,0.6,3.2913,68367.59,126543.227
002881.SZ,20190603,18.83,20.71,18.21,20.71,18.83,1.88,9.9841,112712.3,221441.741
002881.SZ,20190604,20.71,22.06,19.75,19.85,20.71,-0.86,-4.1526,137510.02,289580.848
002881.SZ,20190605,19.85,21.48,19.5,20.7,19.85,0.85,4.2821,100710.71,206318.634
002881.SZ,20190606,20.05,20.05,18.68,18.99,20.67,-1.68,-8.1277,66461.3,127903.449
002881.SZ,20190610,18.9,20.89,18.9,20.89,18.99,1.9,10.0053,35347.17,72228.884
002881.SZ,20190611,21.0,21.99,20.9,21.46,20.89,0.57,2.7286,131240.68,282248.282
002881.SZ,20190612,21.14,22.79,20.85,21.75,21.46,0.29,1.3514,112302.76,245871.144
002881.SZ,20190613,21.32,22.45,20.85,21.15,21.75,-0.6,-2.7586,76834.36,164859.061
002881.SZ,20190614,21.09,21.28,19.93,20.22,21.15,-0.93,-4.3972,63170.01,128997.972
002881.SZ,20190617,20.38,20.52,19.8,20.21,20.22,-0.01,-0.0495,42070.43,84949.965
002881.SZ,20190618,20.26,20.49,19.86,20.05,20.21,-0.16,-0.7917,33565.78,67626.122
002881.SZ,20190619,20.51,20.9,20.13,20.17,20.05,0.12,0.5985,49681.77,102078.357
002881.SZ,20190620,20.1,20.37,19.42,20.07,20.17,-0.1,-0.4958,52234.44,103737.385
002881.SZ,20190621,20.3,21.72,20.16,21.57,20.07,1.5,7.4738,90497.08,188329.384
002881.SZ,20190624,21.0,21.3,20.6,20.88,21.57,-0.69,-3.1989,51084.39,106925.296
002881.SZ,20190625,20.55,21.35,20.18,21.16,20.88,0.28,1.341,43605.2,90437.137
002881.SZ,20190626,20.81,21.92,20.78,21.33,21.16,0.17,0.8034,71840.82,154359.924
002881.SZ,20190627,21.23,22.5,21.23,21.79,21.33,0.46,2.1566,83250.64,181223.935
002881.SZ,20190628,21.8,21.82,20.86,20.98,21.79,-0.81,-3.7173,49910.54,105552.904
002881.SZ,20190701,21.69,22.98,21.38,22.39,20.98,1.41,6.7207,102220.78,227308.01
002881.SZ,20190702,22.4,24.2,21.83,23.54,22.39,1.15,5.1362,158199.96,367172.389
002881.SZ,20190703,22.86,24.21,22.84,23.12,23.54,-0.42,-1.7842,109684.57,256817.51
002881.SZ,20190704,23.12,23.5,22.22,22.59,23.12,-0.53,-2.2924,59763.37,135323.462
002881.SZ,20190705,22.58,22.65,22.01,22.3,22.59,-0.29,-1.2838,40656.77,90586.227
002881.SZ,20190708,22.22,22.35,20.7,20.78,22.3,-1.52,-6.8161,50912.43,108349.319
002881.SZ,20190709,20.92,21.1,20.5,20.83,20.78,0.05,0.2406,28947.43,60307.065
002881.SZ,20190710,20.9,21.59,20.8,21.15,20.83,0.32,1.5362,34598.31,73232.144
002881.SZ,20190711,21.18,21.42,20.58,20.74,21.15,-0.41,-1.9385,30874.1,64924.715
002881.SZ,20190712,20.75,21.08,20.25,21.0,20.74,0.26,1.2536,31637.0,65635.384
002881.SZ,20190715,20.82,21.35,20.38,21.2,21.0,0.2,0.9524,41706.97,87436.661
002881.SZ,20190716,21.18,22.4,20.96,21.94,21.2,0.74,3.4906,65589.46,141895.812
002881.SZ,20190717,21.71,22.4,21.68,21.92,21.94,-0.02,-0.0912,47483.15,104427.052
002881.SZ,20190718,21.73,22.25,21.57,21.84,21.92,-0.08,-0.365,36731.9,80733.931
002881.SZ,20190719,21.84,22.37,21.81,21.89,21.84,0.05,0.2289,32237.18,71113.824
002881.SZ,20190722,21.83,22.89,21.83,21.91,21.89,0.02,0.0914,45061.97,100007.44
002881.SZ,20190723,21.91,22.7,21.47,22.61,21.91,0.7,3.1949,56832.78,126561.694
002881.SZ,20190724,22.61,22.85,22.35,22.46,22.61,-0.15,-0.6634,68611.87,154999.446
002881.SZ,20190725,22.3,22.95,22.06,22.95,22.46,0.49,2.1817,78573.09,177840.099
002881.SZ,20190726,22.65,22.87,22.3,22.56,22.95,-0.39,-1.6993,43804.15,98672.07
002881.SZ,20190729,22.79,23.46,22.5,23.3,22.56,0.74,3.2801,89257.91,206531.31
002881.SZ,20190730,23.0,23.44,22.92,23.14,23.3,-0.16,-0.6867,51827.91,120003.282
002881.SZ,20190731,23.14,24.38,23.06,23.9,23.14,0.76,3.2844,102936.18,245394.208
002881.SZ,20190801,23.6,26.29,23.59,26.29,23.9,2.39,10.0,107458.62,269057.29
002881.SZ,20190802,26.2,28.92,25.91,28.92,26.29,2.63,10.0038,128502.25,359860.848
002881.SZ,20190805,30.88,31.81,28.92,31.81,28.92,2.89,9.9931,118106.95,365440.883
002881.SZ,20190806,31.9,34.99,29.13,32.0,31.81,0.19,0.5973,274983.78,886952.73
002881.SZ,20190807,30.99,32.11,28.8,29.98,32.0,-2.02,-6.3125,219729.7,666506.468
002881.SZ,20190808,29.65,30.0,28.3,29.02,29.98,-0.96,-3.2021,136847.33,397575.54
002881.SZ,20190809,29.24,31.16,29.11,30.1,29.02,1.08,3.7216,141389.04,427574.095
002881.SZ,20190812,30.03,32.9,29.5,32.24,30.1,2.14,7.1096,131560.99,409987.895
002881.SZ,20190813,31.79,32.56,30.38,31.46,32.24,-0.78,-2.4194,112312.17,354265.741
002881.SZ,20190814,32.24,34.0,31.6,32.92,31.46,1.46,4.6408,139829.0,457267.728
002881.SZ,20190815,31.75,36.21,31.25,36.21,32.92,3.29,9.9939,138102.03,472776.139
002881.SZ,20190816,38.0,39.83,37.18,39.83,36.21,3.62,9.9972,111128.81,428852.713
002881.SZ,20190819,43.5,43.81,40.02,43.81,39.83,3.98,9.9925,218046.61,932035.11
002881.SZ,20190820,44.26,45.3,39.43,40.54,43.81,-3.27,-7.464,235194.45,995295.828
002881.SZ,20190821,38.5,43.5,38.1,42.1,40.54,1.56,3.8481,178806.57,731337.804
002881.SZ,20190822,42.0,42.06,40.0,40.79,42.1,-1.31,-3.1116,113278.42,464270.745
002881.SZ,20190823,40.79,41.48,39.0,40.3,40.79,-0.49,-1.2013,120273.51,483624.424
002881.SZ,20190826,39.7,40.48,38.16,38.17,40.3,-2.13,-5.2854,103520.3,403126.92
002881.SZ,20190827,38.37,40.02,35.2,36.64,38.17,-1.53,-4.0084,215668.85,812734.397
002881.SZ,20190828,36.57,36.57,33.04,33.95,36.64,-2.69,-7.3417,178459.89,611796.291
002881.SZ,20190829,33.62,34.92,33.22,34.17,33.95,0.22,0.648,118985.33,405587.638
002881.SZ,20190830,34.4,34.55,31.81,32.2,34.17,-1.97,-5.7653,116765.81,385428.177
002881.SZ,20190902,32.12,33.47,32.12,33.02,32.2,0.82,2.5466,75974.33,249082.194
002881.SZ,20190903,33.13,33.69,32.81,33.34,33.02,0.32,0.9691,93883.71,312962.494
002881.SZ,20190904,33.89,36.67,33.53,36.67,33.34,3.33,9.988,197455.64,692752.717
002881.SZ,20190905,37.51,38.99,36.3,36.35,36.67,-0.32,-0.8726,206718.56,776653.783
002881.SZ,20190906,34.95,38.0,34.94,36.48,36.35,0.13,0.3576,135641.14,497168.174
002881.SZ,20190909,36.65,37.68,35.28,37.5,36.48,1.02,2.7961,126003.08,463120.625
002881.SZ,20190910,37.51,38.5,36.5,36.78,37.5,-0.72,-1.92,96181.25,357369.129
002881.SZ,20190911,36.47,36.49,35.35,35.52,36.78,-1.26,-3.4258,72020.12,257831.917
002881.SZ,20190912,35.65,37.29,35.32,36.99,35.52,1.47,4.1385,98213.59,359525.037
002881.SZ,20190916,37.0,37.5,36.21,36.82,36.99,-0.17,-0.4596,69561.0,255608.215
002881.SZ,20190917,36.48,36.48,34.6,35.0,36.82,-1.82,-4.943,70219.19,249032.823
002881.SZ,20190918,35.31,35.61,34.7,35.06,35.0,0.06,0.1714,41484.55,145824.174
002881.SZ,20190919,35.3,35.3,34.5,35.13,35.06,0.07,0.1997,46336.96,161653.138
002881.SZ,20190920,35.0,35.55,34.45,34.49,35.13,-0.64,-1.8218,45812.3,160197.748
002881.SZ,20190923,34.57,35.32,31.3,35.07,34.49,0.58,1.6816,63715.3,218871.824
002881.SZ,20190924,35.23,35.45,33.68,33.99,35.07,-1.08,-3.0796,60481.55,207444.789
002881.SZ,20190925,33.77,34.22,32.5,32.51,33.99,-1.48,-4.3542,43785.67,145079.386
002881.SZ,20190926,33.16,33.16,30.61,31.15,32.51,-1.36,-4.1833,56394.46,177865.829
002881.SZ,20190927,31.26,32.09,31.02,31.53,31.15,0.38,1.2199,34282.24,108013.994
002881.SZ,20190930,31.57,31.99,30.28,30.31,31.53,-1.22,-3.8693,27067.5,84204.174
002881.SZ,20191008,30.74,33.34,30.74,33.34,30.31,3.03,9.9967,23803.07,78403.739
002881.SZ,20191009,33.34,33.34,32.13,32.94,33.34,-0.4,-1.1998,57355.04,188412.118
002881.SZ,20191010,32.72,34.5,32.45,33.6,32.94,0.66,2.0036,63319.54,213894.822
002881.SZ,20191011,33.5,33.69,32.69,32.82,33.6,-0.78,-2.3214,37369.46,123388.692
002881.SZ,20191014,33.28,34.4,33.28,33.5,32.82,0.68,2.0719,51441.9,173863.653
002881.SZ,20191015,33.26,35.0,32.65,34.75,33.5,1.25,3.7313,85873.18,294394.552
002881.SZ,20191016,34.06,36.08,34.06,35.72,34.75,0.97,2.7914,100571.22,356307.407
002881.SZ,20191017,35.4,35.88,34.72,34.92,35.72,-0.8,-2.2396,53815.24,189200.042
002881.SZ,20191018,34.97,35.58,33.58,33.78,34.92,-1.14,-3.2646,47200.78,161879.026
002881.SZ,20191021,33.84,33.84,30.66,31.5,33.78,-2.28,-6.7496,52869.79,166560.203
002881.SZ,20191022,31.7,33.3,31.68,33.0,31.5,1.5,4.7619,48484.4,157997.19
002881.SZ,20191023,33.7,34.1,33.05,33.05,33.0,0.05,0.1515,52451.14,176032.011
002881.SZ,20191024,33.58,34.5,32.2,32.43,33.05,-0.62,-1.8759,47827.71,158866.482
002881.SZ,20191025,31.0,32.7,31.0,31.49,32.43,-0.94,-2.8986,53032.78,168159.888
002881.SZ,20191028,31.49,32.22,30.76,31.78,31.49,0.29,0.9209,44059.58,139465.022
002881.SZ,20191029,31.63,31.77,30.4,30.48,31.78,-1.3,-4.0906,51537.51,158961.867
002881.SZ,20191030,30.2,30.76,28.7,29.5,30.48,-0.98,-3.2152,53563.35,157651.63
002881.SZ,20191031,29.5,29.8,27.88,28.24,29.5,-1.26,-4.2712,46189.7,132275.794
002881.SZ,20191101,28.45,28.88,28.07,28.43,28.24,0.19,0.6728,26576.02,75592.651
002881.SZ,20191104,28.46,29.27,28.4,28.57,28.43,0.14,0.4924,29862.0,86056.794
002881.SZ,20191105,28.84,28.87,27.92,28.45,28.57,-0.12,-0.42,27857.0,79027.074
002881.SZ,20191106,28.36,28.78,27.72,28.4,28.45,-0.05,-0.1757,36081.5,102228.85
002881.SZ,20191107,28.4,28.5,27.83,28.28,28.4,-0.12,-0.4225,29109.71,82063.82
002881.SZ,20191108,28.5,28.98,28.1,28.36,28.28,0.08,0.2829,38616.14,110090.508
002881.SZ,20191111,28.28,28.28,26.83,27.03,28.36,-1.33,-4.6897,37831.43,103104.828
002881.SZ,20191112,27.23,27.52,26.5,27.28,27.03,0.25,0.9249,29263.84,78968.814
002881.SZ,20191113,27.51,27.52,26.91,27.09,27.28,-0.19,-0.6965,21680.95,58994.419
002881.SZ,20191114,27.09,29.39,26.9,28.54,27.09,1.45,5.3525,62476.95,175331.044
002881.SZ,20191115,28.28,28.28,27.56,27.63,28.54,-0.91,-3.1885,40123.29,111827.014
002881.SZ,20191118,27.68,28.25,27.21,28.0,27.63,0.37,1.3391,26330.36,73438.182
002881.SZ,20191119,27.94,28.83,27.9,28.76,28.0,0.76,2.7143,43254.86,123319.309
002881.SZ,20191120,28.77,28.97,28.21,28.35,28.76,-0.41,-1.4256,31114.3,88619.183
002881.SZ,20191121,28.45,28.58,28.01,28.29,28.35,-0.06,-0.2116,22147.6,62759.24
002881.SZ,20191122,28.64,28.87,27.47,27.5,28.29,-0.79,-2.7925,37309.8,105129.8
002881.SZ,20191125,27.51,27.83,25.02,25.45,27.5,-2.05,-7.4545,44022.24,113637.803
002881.SZ,20191126,25.92,26.52,25.6,25.9,25.45,0.45,1.7682,35939.42,93992.402
002881.SZ,20191127,26.06,26.45,25.74,25.81,25.9,-0.09,-0.3475,28912.7,75279.568
002881.SZ,20191128,26.08,26.1,25.0,25.52,25.81,-0.29,-1.1236,22181.1,56861.7
002881.SZ,20191129,25.48,25.85,25.05,25.53,25.52,0.01,0.0392,21221.89,54055.426
002881.SZ,20191202,25.52,25.87,25.36,25.59,25.53,0.06,0.235,15909.22,40708.626
002881.SZ,20191203,25.48,25.77,24.92,25.76,25.59,0.17,0.6643,22485.23,56991.528
002881.SZ,20191204,25.65,25.95,25.47,25.48,25.76,-0.28,-1.087,18451.7,47331.903
002881.SZ,20191205,25.92,26.8,25.66,26.38,25.48,0.9,3.5322,46894.22,123040.316
002881.SZ,20191206,26.42,26.59,26.0,26.35,26.38,-0.03,-0.1137,29290.41,76903.886
002881.SZ,20191209,26.7,26.75,26.2,26.28,26.35,-0.07,-0.2657,24365.73,64387.075
002881.SZ,20191210,26.15,26.7,25.96,26.53,26.28,0.25,0.9513,33384.45,88019.895
002881.SZ,20191211,26.46,27.39,26.46,27.1,26.53,0.57,2.1485,51104.79,138142.502
002881.SZ,20191212,27.1,27.5,26.7,27.16,27.1,0.06,0.2214,38954.59,105904.076
002881.SZ,20191213,27.42,28.17,27.3,27.3,27.16,0.14,0.5155,48303.36,133651.615
002881.SZ,20191216,27.25,28.23,27.12,27.85,27.3,0.55,2.0147,54580.76,150991.48
002881.SZ,20191217,27.88,28.5,27.65,28.0,27.85,0.15,0.5386,59324.59,166147.54
002881.SZ,20191218,28.07,28.47,27.71,27.74,28.0,-0.26,-0.9286,47370.99,132872.516
002881.SZ,20191219,27.75,28.48,27.44,28.09,27.74,0.35,1.2617,47499.6,133014.512
002881.SZ,20191220,28.18,28.43,27.03,27.13,28.09,-0.96,-3.4176,39415.43,108858.971
002881.SZ,20191223,26.98,27.07,26.0,26.0,27.13,-1.13,-4.1651,29609.34,78345.724
002881.SZ,20191224,26.06,26.62,26.06,26.62,26.0,0.62,2.3846,21917.22,57721.145
002881.SZ,20191225,26.67,26.91,26.35,26.79,26.62,0.17,0.6386,26371.76,70343.571
002881.SZ,20191226,26.83,27.2,26.52,27.02,26.79,0.23,0.8585,27552.26,74033.492
002881.SZ,20191227,27.02,29.72,27.02,28.38,27.02,1.36,5.0333,106486.62,306540.051
002881.SZ,20191230,27.51,27.57,26.2,27.07,28.38,-1.31,-4.6159,67449.17,181479.878
002881.SZ,20191231,26.85,27.08,26.61,26.66,27.07,-0.41,-1.5146,28251.73,75628.068
002881.SZ,20200102,27.18,27.88,26.83,27.57,26.66,0.91,3.4134,51533.72,140949.877
002881.SZ,20200103,27.45,29.45,27.39,28.63,27.57,1.06,3.8448,71353.02,201925.799
002881.SZ,20200106,28.2,28.98,27.81,28.38,28.63,-0.25,-0.8732,54619.0,154872.684
002881.SZ,20200107,28.33,28.9,28.1,28.88,28.38,0.5,1.7618,52008.0,148909.41
002881.SZ,20200108,28.5,29.29,28.35,28.39,28.88,-0.49,-1.6967,55951.6,161129.305
002881.SZ,20200109,28.78,29.05,28.52,28.95,28.39,0.56,1.9725,41276.77,119019.847
002881.SZ,20200110,28.87,29.19,28.15,28.55,28.95,-0.4,-1.3817,35051.11,100169.283
002881.SZ,20200113,28.48,29.17,28.01,29.0,28.55,0.45,1.5762,42848.96,122845.1
002881.SZ,20200114,29.19,29.19,28.44,28.52,29.0,-0.48,-1.6552,31262.94,89763.365
002881.SZ,20200115,28.6,28.97,28.07,28.25,28.52,-0.27,-0.9467,25580.4,72632.518
002881.SZ,20200116,28.41,28.49,27.92,27.96,28.25,-0.29,-1.0265,23871.5,67147.271
002881.SZ,20200117,28.08,28.34,27.66,27.74,27.96,-0.22,-0.7868,19360.0,54212.142
002881.SZ,20200120,27.74,28.27,27.56,28.11,27.74,0.37,1.3338,20610.58,57572.238
002881.SZ,20200121,27.97,28.25,27.5,27.5,28.11,-0.61,-2.17,19660.84,54767.689
002881.SZ,20200122,27.34,27.35,25.9,26.85,27.5,-0.65,-2.3636,28515.92,76299.654
002881.SZ,20200123,26.88,27.1,25.09,25.5,26.85,-1.35,-5.0279,28741.1,74986.204
002881.SZ,20200203,22.95,22.95,22.95,22.95,25.5,-2.55,-10.0,2984.0,6848.28
002881.SZ,20200204,20.66,22.02,20.66,21.35,22.95,-1.6,-6.9717,39612.74,84578.519
002881.SZ,20200205,21.35,22.59,21.35,22.15,21.35,0.8,3.7471,34524.25,76539.343
002881.SZ,20200206,22.18,22.5,21.89,22.32,22.15,0.17,0.7675,29984.85,66597.95
002881.SZ,20200207,22.2,22.65,21.89,22.49,22.32,0.17,0.7616,33035.5,73475.562
002881.SZ,20200210,22.23,23.39,22.1,22.85,22.49,0.36,1.6007,36522.46,83082.063
002881.SZ,20200211,22.96,23.78,22.71,23.51,22.85,0.66,2.8884,47978.79,111784.186
002881.SZ,20200212,23.01,23.62,23.01,23.54,23.51,0.03,0.1276,34641.9,80845.947
002881.SZ,20200213,23.68,23.7,23.0,23.08,23.54,-0.46,-1.9541,30894.51,71841.264
002881.SZ,20200214,23.27,23.7,23.01,23.12,23.08,0.04,0.1733,31579.13,73557.81
002881.SZ,20200217,23.34,24.78,23.32,24.52,23.12,1.4,6.0554,54397.24,131201.956
002881.SZ,20200218,24.2,25.84,24.16,25.59,24.52,1.07,4.3638,55236.64,138647.42
002881.SZ,20200219,25.61,26.5,25.28,25.85,25.59,0.26,1.016,57555.02,149622.779
002881.SZ,20200220,25.53,27.5,25.12,27.5,25.85,1.65,6.383,67601.35,177174.843
002881.SZ,20200221,27.0,28.45,26.51,27.48,27.5,-0.02,-0.0727,85243.75,235372.217
002881.SZ,20200224,27.8,28.85,27.51,28.63,27.48,1.15,4.1849,77500.79,219099.552
002881.SZ,20200225,27.5,28.38,26.0,27.8,28.63,-0.83,-2.8991,78581.73,216604.908
002881.SZ,20200226,27.38,27.73,26.46,26.5,27.8,-1.3,-4.6763,46534.06,125856.924
002881.SZ,20200227,26.85,27.01,25.51,26.29,26.5,-0.21,-0.7925,38891.7,102589.177
002881.SZ,20200228,24.98,25.87,23.73,23.98,26.29,-2.31,-8.7866,50043.71,123498.43
002881.SZ,20200302,24.74,25.76,24.52,25.59,23.98,1.61,6.7139,33007.36,83197.053
002881.SZ,20200303,26.42,26.86,25.6,26.01,25.59,0.42,1.6413,43137.95,113552.848
002881.SZ,20200304,25.95,26.25,25.4,26.03,26.01,0.02,0.0769,26930.06,69603.234
002881.SZ,20200305,26.55,27.05,25.79,26.48,26.03,0.45,1.7288,36576.8,96561.729
002881.SZ,20200306,26.0,27.18,25.88,26.67,26.48,0.19,0.7175,47101.95,125194.812
002881.SZ,20200309,26.2,27.46,25.92,26.94,26.67,0.27,1.0124,63495.78,171433.254
002881.SZ,20200310,26.15,29.0,25.69,28.99,26.94,2.05,7.6095,104276.9,288707.775
002881.SZ,20200311,28.94,28.94,27.3,27.3,28.99,-1.69,-5.8296,81098.7,227769.684
002881.SZ,20200312,26.5,27.15,25.42,26.09,27.3,-1.21,-4.4322,45211.74,119467.004
002881.SZ,20200313,24.5,25.94,24.0,25.24,26.09,-0.85,-3.258,41291.46,103385.184
002881.SZ,20200316,25.62,25.96,23.15,23.24,25.24,-2.0,-7.9239,37311.14,91013.888
002881.SZ,20200317,23.25,23.95,21.56,22.59,23.24,-0.65,-2.7969,30443.87,68775.074
002881.SZ,20200318,23.08,23.5,22.21,22.32,22.59,-0.27,-1.1952,24432.5,56020.454
002881.SZ,20200319,22.1,23.0,22.02,22.9,22.32,0.58,2.5986,24929.1,56188.482
002881.SZ,20200320,23.27,23.33,22.58,22.96,22.9,0.06,0.262,19234.3,44097.589
002881.SZ,20200323,22.11,22.87,21.7,21.84,22.96,-1.12,-4.878,20953.9,46524.26
002881.SZ,20200324,22.2,22.45,21.31,22.2,21.84,0.36,1.6484,23906.6,52501.601
002881.SZ,20200325,22.65,22.92,22.31,22.66,22.2,0.46,2.0721,20957.6,47435.286
002881.SZ,20200326,22.5,22.69,22.02,22.3,22.66,-0.36,-1.5887,15056.9,33738.642
002881.SZ,20200327,22.76,23.38,22.55,22.75,22.3,0.45,2.0179,28722.59,65892.874
002881.SZ,20200330,22.3,22.36,20.89,21.33,22.75,-1.42,-6.2418,24998.96,53636.712
002881.SZ,20200331,21.68,21.85,21.12,21.2,21.33,-0.13,-0.6095,13343.63,28607.393
002881.SZ,20200401,21.05,21.75,20.91,21.3,21.2,0.1,0.4717,13374.8,28644.426
002881.SZ,20200402,21.59,22.0,21.13,22.0,21.3,0.7,3.2864,17236.2,37263.075
002881.SZ,20200403,21.88,22.1,21.66,21.77,22.0,-0.23,-1.0455,13940.17,30467.577
002881.SZ,20200407,22.27,22.42,22.12,22.28,21.77,0.51,2.3427,16300.84,36274.254
002881.SZ,20200408,22.31,22.88,22.2,22.71,22.28,0.43,1.93,20470.1,46294.734
002881.SZ,20200409,22.88,23.2,22.7,22.89,22.71,0.18,0.7926,14972.66,34394.936
002881.SZ,20200410,23.16,23.16,22.11,22.25,22.89,-0.64,-2.796,14686.46,32929.222
002881.SZ,20200413,22.3,22.35,21.55,21.6,22.25,-0.65,-2.9213,12142.24,26334.478
002881.SZ,20200414,21.82,22.2,21.72,22.2,21.6,0.6,2.7778,12329.08,27065.408
002881.SZ,20200415,22.14,22.38,21.71,21.82,22.2,-0.38,-1.7117,13978.64,30925.342
002881.SZ,20200416,21.95,21.95,21.41,21.79,21.82,-0.03,-0.1375,12785.9,27646.845
002881.SZ,20200417,21.79,22.16,21.6,21.63,21.79,-0.16,-0.7343,13750.9,30106.326
002881.SZ,20200420,21.79,21.99,21.51,21.85,21.63,0.22,1.0171,9639.48,20935.574
002881.SZ,20200421,21.68,21.79,21.3,21.55,21.85,-0.3,-1.373,12522.0,26901.834
002881.SZ,20200422,21.45,21.5,21.1,21.37,21.55,-0.18,-0.8353,12800.7,27261.651
002881.SZ,20200423,21.47,21.7,20.96,20.97,21.37,-0.4,-1.8718,14311.4,30283.8
002881.SZ,20200424,20.97,21.23,20.5,20.62,20.97,-0.35,-1.6691,13121.22,27295.442
002881.SZ,20200427,20.95,20.95,20.3,20.3,20.62,-0.32,-1.5519,9422.0,19278.53
002881.SZ,20200428,20.0,20.28,18.98,19.51,20.3,-0.79,-3.8916,16873.2,32997.336
002881.SZ,20200429,19.13,19.79,19.13,19.52,19.51,0.01,0.0513,9212.8,18034.151
002881.SZ,20200430,19.69,20.6,19.69,20.35,19.52,0.83,4.252,16555.92,33500.049
002881.SZ,20200506,20.22,20.94,20.06,20.86,20.35,0.51,2.5061,16358.98,33803.445
002881.SZ,20200507,21.65,21.85,20.94,21.06,20.86,0.2,0.9588,24333.8,51827.853
002881.SZ,20200508,21.83,22.38,21.83,21.9,21.06,0.84,3.9886,31430.72,69150.711
002881.SZ,20200511,21.96,22.0,21.21,21.49,21.9,-0.41,-1.8721,24950.38,53979.498
002881.SZ,20200512,21.67,21.67,20.8,21.13,21.49,-0.36,-1.6752,15740.2,33158.835
002881.SZ,20200513,21.09,21.35,20.97,21.11,21.13,-0.02,-0.0947,12210.3,25804.708
002881.SZ,20200514,21.02,21.21,20.85,20.96,21.11,-0.15,-0.7106,13510.52,28441.059
002881.SZ,20200515,21.15,21.47,20.93,21.16,20.96,0.2,0.9542,15728.08,33294.785
002881.SZ,20200518,21.4,21.4,20.52,20.62,21.16,-0.54,-2.552,17239.04,36187.232
002881.SZ,20200519,20.65,21.0,20.6,20.81,20.62,0.19,0.9214,11164.28,23230.132
002881.SZ,20200520,20.76,20.84,20.43,20.51,20.81,-0.3,-1.4416,12274.5,25293.107
002881.SZ,20200521,20.65,22.56,20.57,22.56,20.51,2.05,9.9951,54374.61,121412.879
002881.SZ,20200522,23.03,23.65,22.0,22.42,22.56,-0.14,-0.6206,86790.31,198156.977
002881.SZ,20200525,22.15,22.74,21.76,22.15,22.42,-0.27,-1.2043,35936.15,79522.586
002881.SZ,20200526,21.97,22.39,21.85,22.16,22.15,0.01,0.0451,37084.38,81839.515
002881.SZ,20200527,22.17,23.1,21.72,22.46,22.16,0.3,1.3538,51574.58,116164.362
002881.SZ,20200528,22.18,22.72,21.9,22.72,22.46,0.26,1.1576,33571.64,74754.926
002881.SZ,20200529,22.67,23.26,22.36,22.75,22.7,0.05,0.2203,40437.86,92830.669
002881.SZ,20200601,22.75,23.75,22.6,23.6,22.75,0.85,3.7363,48960.18,114117.183
002881.SZ,20200602,23.46,23.58,23.1,23.38,23.6,-0.22,-0.9322,30481.75,71146.512
002881.SZ,20200603,23.38,23.5,22.8,22.81,23.38,-0.57,-2.438,27682.6,63877.885
002881.SZ,20200604,22.95,23.18,22.42,23.0,22.81,0.19,0.833,31417.27,71696.987
002881.SZ,20200605,23.5,25.3,23.18,23.88,23.0,0.88,3.8261,107835.13,260740.901
002881.SZ,20200608,23.12,26.27,23.12,25.45,23.88,1.57,6.5745,111024.04,279424.441
002881.SZ,20200609,24.89,24.94,23.46,24.14,25.45,-1.31,-5.1473,86607.44,207691.942
002881.SZ,20200610,23.6,23.83,22.78,22.98,24.14,-1.16,-4.8053,46393.62,107283.364
002881.SZ,20200611,22.94,23.32,22.7,23.02,22.98,0.04,0.1741,30141.2,69521.169
002881.SZ,20200612,22.24,23.2,22.06,23.06,23.02,0.04,0.1738,27490.52,62239.602
002881.SZ,20200615,22.86,23.4,22.66,23.31,23.06,0.25,1.0841,27529.85,63463.339
002881.SZ,20200616,23.4,24.81,23.18,24.65,23.31,1.34,5.7486,71731.69,173978.321
002881.SZ,20200617,24.6,24.87,24.2,24.54,24.65,-0.11,-0.4462,49971.8,122737.768
002881.SZ,20200618,24.38,24.83,24.21,24.36,24.54,-0.18,-0.7335,29486.96,71929.057
002881.SZ,20200619,24.0,24.0,23.11,23.75,24.36,-0.61,-2.5041,36065.49,85254.09
002881.SZ,20200622,23.71,23.97,23.28,23.52,23.75,-0.23,-0.9684,33898.34,80430.299
002881.SZ,20200623,23.41,23.68,22.89,23.04,23.52,-0.48,-2.0408,32272.7,74624.652
002881.SZ,20200624,22.93,25.34,22.9,25.34,23.04,2.3,9.9826,102736.96,251164.039
002881.SZ,20200629,25.9,27.55,25.15,27.0,25.34,1.66,6.5509,118659.6,313007.981
002881.SZ,20200630,26.96,27.79,26.8,27.44,27.0,0.44,1.6296,90038.9,245954.242
002881.SZ,20200701,27.46,28.5,27.17,28.49,27.44,1.05,3.8265,73043.8,204888.055
002881.SZ,20200702,28.56,29.23,27.96,29.13,28.49,0.64,2.2464,54087.51,154509.498
002881.SZ,20200703,29.13,29.37,28.17,28.79,29.13,-0.34,-1.1672,45132.76,129158.185
002881.SZ,20200706,29.0,31.5,29.0,31.3,28.79,2.51,8.7183,76723.18,235606.991
002881.SZ,20200707,31.3,31.95,30.11,30.69,31.3,-0.61,-1.9489,63479.63,195158.725
002881.SZ,20200708,30.68,31.21,29.1,30.75,30.69,0.06,0.1955,79568.0,239004.133
002881.SZ,20200709,31.0,31.44,30.3,31.09,30.75,0.34,1.1057,67556.37,208691.327
002881.SZ,20200710,31.11,31.39,28.8,28.82,31.09,-2.27,-7.3014,85129.3,254360.475
002881.SZ,20200713,28.74,31.2,28.69,30.92,28.82,2.1,7.2866,76468.92,230728.087
002881.SZ,20200714,30.8,31.16,29.65,30.3,30.92,-0.62,-2.0052,44933.8,135522.031
002881.SZ,20200715,30.3,30.5,28.35,28.71,30.3,-1.59,-5.2475,38555.7,112062.66
002881.SZ,20200716,27.84,27.85,25.84,25.84,28.71,-2.87,-9.9965,30208.0,78499.434
002881.SZ,20200717,23.26,24.4,23.26,23.26,25.84,-2.58,-9.9845,103935.57,243131.819
002881.SZ,20200720,23.51,23.59,22.37,23.52,23.26,0.26,1.1178,64952.1,149629.456
002881.SZ,20200721,23.54,24.8,23.39,24.51,23.52,0.99,4.2092,66959.02,160339.972
002881.SZ,20200722,24.5,24.98,24.0,24.24,24.51,-0.27,-1.1016,50197.72,122513.054
002881.SZ,20200723,24.02,24.26,22.75,23.65,24.24,-0.59,-2.434,53264.72,125182.608
002881.SZ,20200724,23.51,23.8,22.56,23.26,23.65,-0.39,-1.649,46284.3,106983.084
002881.SZ,20200727,23.06,23.35,22.67,23.07,23.26,-0.19,-0.8169,25282.97,57941.766
002881.SZ,20200728,23.34,23.65,22.8,23.65,23.07,0.58,2.5141,23235.72,53881.247
002881.SZ,20200729,24.0,24.0,22.94,23.5,23.65,-0.15,-0.6342,73600.74,170700.644
002881.SZ,20200730,23.26,23.3,22.92,23.01,23.5,-0.49,-2.0851,37880.3,87362.467
002881.SZ,20200731,23.15,23.31,22.91,23.08,23.01,0.07,0.3042,28738.3,66380.521
002881.SZ,20200803,23.16,23.62,23.08,23.57,23.08,0.49,2.1231,44353.58,103923.635
002881.SZ,20200804,23.85,23.85,23.2,23.23,23.57,-0.34,-1.4425,38876.16,90864.532
002881.SZ,20200805,23.55,23.85,23.28,23.82,23.23,0.59,2.5398,48090.18,113570.958
002881.SZ,20200806,23.5,23.98,23.11,23.53,23.82,-0.29,-1.2175,31118.38,73177.231
002881.SZ,20200807,23.34,23.5,22.91,23.14,23.53,-0.39,-1.6575,25371.02,58765.361
002881.SZ,20200810,23.14,23.47,22.98,23.33,23.14,0.19,0.8211,18470.7,43039.827
002881.SZ,20200811,23.35,23.45,22.92,23.0,23.33,-0.33,-1.4145,20994.9,48649.005
002881.SZ,20200812,22.89,22.89,22.03,22.47,23.0,-0.53,-2.3043,24424.82,54465.262
002881.SZ,20200813,22.48,22.78,22.4,22.59,22.47,0.12,0.534,12226.82,27595.682
002881.SZ,20200814,22.6,22.8,22.37,22.8,22.59,0.21,0.9296,12919.7,29246.915
002881.SZ,20200817,22.88,23.19,22.72,23.18,22.8,0.38,1.6667,17984.2,41358.72
002881.SZ,20200818,23.22,23.26,22.94,23.07,23.18,-0.11,-0.4745,15392.1,35544.102
002881.SZ,20200819,23.0,23.0,22.63,22.67,23.07,-0.4,-1.7339,13246.0,30172.312
002881.SZ,20200820,22.57,22.78,22.13,22.7,22.67,0.03,0.1323,13178.9,29649.215
002881.SZ,20200821,22.81,23.11,22.55,22.64,22.7,-0.06,-0.2643,11406.92,26000.49
002881.SZ,20200824,22.77,22.88,22.29,22.8,22.64,0.16,0.7067,10794.5,24444.034
002881.SZ,20200825,22.93,22.97,22.7,22.81,22.8,0.01,0.0439,12117.6,27680.398
002881.SZ,20200826,22.8,22.8,22.2,22.32,22.81,-0.49,-2.1482,12491.52,28066.442
002881.SZ,20200827,22.43,22.5,22.22,22.38,22.32,0.06,0.2688,11620.7,26007.856
002881.SZ,20200828,22.6,23.3,22.6,23.1,22.38,0.72,3.2172,25134.8,57884.974
002881.SZ,20200831,23.15,23.9,23.15,23.64,23.1,0.54,2.3377,36866.12,86820.106
002881.SZ,20200901,23.67,23.67,23.02,23.39,23.64,-0.25,-1.0575,19371.2,45079.153
002881.SZ,20200902,23.38,23.57,23.2,23.48,23.39,0.09,0.3848,17311.42,40486.538
002881.SZ,20200903,23.49,23.49,22.95,22.98,23.48,-0.5,-2.1295,17139.0,39589.413
002881.SZ,20200904,22.69,23.32,22.49,23.23,22.98,0.25,1.0879,14377.7,33113.947
002881.SZ,20200907,23.15,23.7,22.86,23.03,23.23,-0.2,-0.861,17489.4,40706.141
002881.SZ,20200908,23.01,23.2,22.71,22.86,23.03,-0.17,-0.7382,14173.7,32399.814
002881.SZ,20200909,22.75,22.96,22.4,22.53,22.86,-0.33,-1.4436,17351.94,39265.431
002881.SZ,20200910,22.6,22.86,21.58,21.65,22.53,-0.88,-3.9059,18049.55,40036.645
002881.SZ,20200911,21.62,22.29,21.53,22.25,21.65,0.6,2.7714,10339.1,22660.337
002881.SZ,20200914,22.47,22.84,22.0,22.35,22.25,0.1,0.4494,8145.16,18210.989
002881.SZ,20200915,22.48,22.48,22.02,22.11,22.35,-0.24,-1.0738,7339.6,16278.112
002881.SZ,20200916,22.14,22.24,21.72,21.8,22.11,-0.31,-1.4021,8792.4,19297.516
002881.SZ,20200917,21.8,22.4,21.7,22.15,21.8,0.35,1.6055,10455.2,23141.032
002881.SZ,20200918,22.03,22.28,21.85,22.27,22.15,0.12,0.5418,8074.85,17865.281
002881.SZ,20200921,22.18,22.35,22.05,22.08,22.27,-0.19,-0.8532,7631.0,16938.175
002881.SZ,20200922,22.05,22.05,21.52,21.6,22.08,-0.48,-2.1739,8353.15,18156.775
002881.SZ,20200923,21.65,21.87,21.61,21.71,21.6,0.11,0.5093,6123.14,13293.781
002881.SZ,20200924,21.52,21.69,20.85,20.95,21.71,-0.76,-3.5007,12830.0,27181.855
002881.SZ,20200925,21.0,21.16,20.8,20.95,20.95,0.0,0.0,5886.0,12365.26
002881.SZ,20200928,20.9,21.06,20.49,20.52,20.95,-0.43,-2.0525,6525.0,13476.782
002881.SZ,20200929,20.54,20.75,20.41,20.46,20.52,-0.06,-0.2924,5623.4,11569.69
002881.SZ,20200930,20.46,20.63,19.97,19.98,20.46,-0.48,-2.346,8985.47,18208.399
002881.SZ,20201009,20.2,21.15,20.2,20.98,19.98,1.0,5.005,13062.33,27130.708
002881.SZ,20201012,21.12,21.85,21.01,21.85,20.98,0.87,4.1468,13613.02,29386.11
002881.SZ,20201013,21.8,21.8,21.56,21.7,21.85,-0.15,-0.6865,7549.76,16356.096
002881.SZ,20201014,21.65,21.66,21.38,21.42,21.7,-0.28,-1.2903,7061.0,15174.306
002881.SZ,20201015,21.43,21.63,21.12,21.28,21.42,-0.14,-0.6536,6011.0,12857.887
002881.SZ,20201016,21.42,21.42,21.02,21.11,21.28,-0.17,-0.7989,6189.2,13085.037
002881.SZ,20201019,21.19,21.49,21.02,21.13,21.11,0.02,0.0947,7251.5,15419.297
002881.SZ,20201020,22.0,23.24,21.99,23.24,21.13,2.11,9.9858,27657.3,63382.219
002881.SZ,20201021,24.98,24.98,23.2,23.29,23.24,0.05,0.2151,73354.88,174447.522
002881.SZ,20201022,22.99,23.0,22.37,22.86,23.29,-0.43,-1.8463,40914.28,92698.244
002881.SZ,20201023,22.87,22.99,22.03,22.14,22.86,-0.72,-3.1496,18290.0,41078.25
002881.SZ,20201026,22.05,22.27,21.56,21.7,22.14,-0.44,-1.9874,15617.92,34140.672
002881.SZ,20201027,21.5,21.68,21.38,21.67,21.7,-0.03,-0.1382,9204.66,19828.318
002881.SZ,20201028,21.61,21.74,21.18,21.38,21.67,-0.29,-1.3383,9752.0,20852.761
002881.SZ,20201029,21.15,21.79,20.71,21.57,21.38,0.19,0.8887,13501.5,28699.599
002881.SZ,20201030,21.4,21.5,20.2,20.3,21.57,-1.27,-5.8878,21854.0,45374.136
002881.SZ,20201102,20.41,20.45,20.0,20.13,20.3,-0.17,-0.8374,9694.2,19517.694
002881.SZ,20201103,20.2,20.65,20.03,20.51,20.13,0.38,1.8877,7614.9,15587.825
002881.SZ,20201104,20.45,20.63,20.13,20.25,20.51,-0.26,-1.2677,7473.38,15192.986
002881.SZ,20201105,20.38,20.96,20.27,20.95,20.25,0.7,3.4568,13651.0,28238.112
002881.SZ,20201106,20.87,21.32,20.7,21.09,20.95,0.14,0.6683,14106.38,29565.22
002881.SZ,20201109,21.09,21.96,21.09,21.9,21.09,0.81,3.8407,21858.4,47211.504
002881.SZ,20201110,21.85,22.11,21.49,21.71,21.9,-0.19,-0.8676,15502.87,33656.679
002881.SZ,20201111,21.79,21.79,21.1,21.14,21.71,-0.57,-2.6255,12116.4,25786.248
002881.SZ,20201112,21.25,22.02,21.15,21.65,21.14,0.51,2.4125,15952.5,34477.983
002881.SZ,20201113,21.5,21.8,21.12,21.43,21.65,-0.22,-1.0162,9222.7,19796.742
002881.SZ,20201116,21.89,23.57,21.51,22.88,21.43,1.45,6.7662,75126.64,172733.231
002881.SZ,20201117,22.9,23.7,22.7,23.01,22.88,0.13,0.5682,65993.6,152651.045
002881.SZ,20201118,23.34,23.62,22.32,22.61,23.01,-0.4,-1.7384,31894.0,72846.387
002881.SZ,20201119,22.5,23.7,22.35,23.49,22.61,0.88,3.8921,59813.5,138737.206
002881.SZ,20201120,23.73,23.79,22.5,23.14,23.49,-0.35,-1.49,38710.47,89314.161
002881.SZ,20201123,23.08,23.25,22.74,22.93,23.14,-0.21,-0.9075,25321.17,58305.697
002881.SZ,20201124,23.16,23.29,22.49,22.61,22.93,-0.32,-1.3956,18019.4,41002.239
002881.SZ,20201125,22.6,24.73,22.51,24.16,22.61,1.55,6.8554,81622.35,195505.405
002881.SZ,20201126,23.83,24.27,22.99,23.61,24.16,-0.55,-2.2765,52694.86,123888.284
002881.SZ,20201127,23.52,24.2,22.91,23.09,23.61,-0.52,-2.2025,31363.08,73463.571
002881.SZ,20201130,23.3,23.45,22.66,22.7,23.09,-0.39,-1.689,24158.4,55289.998
002881.SZ,20201201,22.84,22.96,22.51,22.77,22.7,0.07,0.3084,17997.02,40917.946
002881.SZ,20201202,22.79,22.93,22.2,22.5,22.77,-0.27,-1.1858,18521.1,41772.901
002881.SZ,20201203,22.37,22.66,22.12,22.48,22.5,-0.02,-0.0889,14979.82,33627.136
002881.SZ,20201204,22.49,22.49,21.97,21.98,22.48,-0.5,-2.2242,21598.37,47799.621
002881.SZ,20201207,21.97,21.98,21.45,21.56,21.98,-0.42,-1.9108,13295.4,28775.069
002881.SZ,20201208,21.56,21.73,21.36,21.55,21.56,-0.01,-0.0464,9272.7,19976.16
002881.SZ,20201209,21.66,21.66,21.02,21.1,21.55,-0.45,-2.0882,12616.18,26822.172
002881.SZ,20201210,21.01,21.3,20.74,20.84,21.1,-0.26,-1.2322,9978.1,20954.214
002881.SZ,20201211,20.86,20.86,20.31,20.83,20.84,-0.01,-0.048,18174.5,37261.245
002881.SZ,20201214,20.7,21.19,20.41,21.06,20.83,0.23,1.1042,12837.1,26762.74
002881.SZ,20201215,21.06,21.15,20.86,21.1,21.06,0.04,0.1899,8631.47,18149.907
002881.SZ,20201216,21.05,21.19,20.55,20.7,21.1,-0.4,-1.8957,6959.0,14445.642
002881.SZ,20201217,20.6,21.38,20.18,21.36,20.7,0.66,3.1884,19081.0,39947.782
002881.SZ,20201218,21.65,22.0,21.31,22.0,21.36,0.64,2.9963,33900.48,73643.158
002881.SZ,20201221,22.22,22.22,21.45,21.47,22.0,-0.53,-2.4091,25885.9,55977.379
002881.SZ,20201222,21.24,21.4,20.3,20.3,21.47,-1.17,-5.4495,22047.0,45905.224
002881.SZ,20201223,20.29,20.58,20.21,20.36,20.3,0.06,0.2956,14686.8,29929.837
002881.SZ,20201224,20.5,20.55,20.11,20.15,20.36,-0.21,-1.0314,14491.0,29322.658
002881.SZ,20201225,20.07,20.26,20.0,20.09,20.15,-0.06,-0.2978,10952.2,22051.928
002881.SZ,20201228,19.91,20.06,19.3,19.41,20.09,-0.68,-3.3848,16790.84,32902.484
002881.SZ,20201229,19.2,20.1,19.01,19.85,19.41,0.44,2.2669,13148.3,25899.951
002881.SZ,20201230,19.75,19.9,19.53,19.6,19.85,-0.25,-1.2594,7637.39,15010.793
002881.SZ,20201231,19.61,19.97,19.56,19.82,19.6,0.22,1.1224,8936.98,17687.933
002881.SZ,20210104,19.82,19.94,19.68,19.75,19.82,-0.07,-0.3532,13698.0,27091.081
002881.SZ,20210105,19.75,19.76,19.19,19.46,19.75,-0.29,-1.4684,14048.0,27268.533
002881.SZ,20210106,19.38,19.46,19.0,19.1,19.46,-0.36,-1.8499,12922.88,24720.178
002881.SZ,20210107,19.1,19.1,17.92,18.32,19.1,-0.78,-4.0838,16743.49,30810.938
002881.SZ,20210108,18.15,18.59,17.8,18.33,18.32,0.01,0.0546,9375.0,17134.997
002881.SZ,20210111,18.33,18.57,17.7,17.81,18.33,-0.52,-2.8369,10423.1,18830.11
002881.SZ,20210112,17.8,18.21,17.5,17.6,17.81,-0.21,-1.1791,10400.8,18491.487
002881.SZ,20210113,17.71,17.71,16.76,16.9,17.6,-0.7,-3.9773,17179.42,29289.066
002881.SZ,20210114,16.9,17.45,16.8,17.08,16.9,0.18,1.0651,12890.12,22113.014
002881.SZ,20210115,17.08,17.4,16.82,17.38,17.08,0.3,1.7564,9914.2,17069.505
002881.SZ,20210118,17.38,17.88,17.31,17.78,17.38,0.4,2.3015,9141.22,16187.169
002881.SZ,20210119,17.68,18.1,17.68,17.87,17.78,0.09,0.5062,9474.0,16959.651
002881.SZ,20210120,17.95,18.03,17.7,17.78,17.87,-0.09,-0.5036,6233.1,11114.047
002881.SZ,20210121,17.77,17.9,17.56,17.71,17.78,-0.07,-0.3937,7470.7,13265.718
002881.SZ,20210122,17.72,17.79,17.21,17.29,17.71,-0.42,-2.3715,7567.7,13127.079
002881.SZ,20210125,17.29,17.29,16.77,16.8,17.29,-0.49,-2.834,9900.4,16753.575
002881.SZ,20210126,16.8,17.2,16.6,16.66,16.8,-0.14,-0.8333,6411.4,10785.016
002881.SZ,20210127,16.82,16.84,16.34,16.56,16.66,-0.1,-0.6002,7661.7,12653.231
002881.SZ,20210128,16.45,16.64,15.63,16.12,16.56,-0.44,-2.657,8690.3,14194.221
002881.SZ,20210129,16.19,16.25,15.31,15.54,16.12,-0.58,-3.598,10968.0,17233.048
002881.SZ,20210201,15.55,16.2,15.5,15.66,15.54,0.12,0.7722,8999.0,14214.249
002881.SZ,20210202,15.52,15.84,15.31,15.73,15.66,0.07,0.447,7565.9,11821.538
002881.SZ,20210203,16.92,17.3,16.42,17.3,15.73,1.57,9.9809,16428.82,27938.973
002881.SZ,20210204,17.7,18.59,17.38,17.76,17.3,0.46,2.659,50287.11,90573.485
002881.SZ,20210205,17.26,17.68,16.35,16.55,17.76,-1.21,-6.8131,29125.82,48567.705
002881.SZ,20210208,16.44,16.61,15.78,16.17,16.55,-0.38,-2.2961,17869.94,28735.331
002881.SZ,20210209,16.01,16.58,15.76,16.25,16.17,0.08,0.4947,14406.84,23390.153
002881.SZ,20210210,16.25,16.65,16.02,16.57,16.25,0.32,1.9692,10948.3,18023.557
002881.SZ,20210218,16.82,18.23,16.82,18.23,16.57,1.66,10.0181,29403.98,52890.467
002881.SZ,20210219,18.37,18.74,17.9,18.6,18.23,0.37,2.0296,40663.68,74536.713
002881.SZ,20210222,18.55,18.99,18.21,18.98,18.6,0.38,2.043,34335.23,63815.457
002881.SZ,20210223,18.96,18.96,18.25,18.56,18.98,-0.42,-2.2129,22027.93,40823.428
002881.SZ,20210224,18.27,18.73,18.13,18.27,18.56,-0.29,-1.5625,14950.9,27553.623
002881.SZ,20210225,18.27,18.76,18.2,18.45,18.27,0.18,0.9852,14154.63,26213.004
002881.SZ,20210226,18.3,19.57,18.15,19.18,18.45,0.73,3.9566,27007.7,51027.052
002881.SZ,20210301,19.38,19.39,18.5,19.13,19.18,-0.05,-0.2607,20635.18,39098.564
002881.SZ,20210302,19.13,19.14,18.53,18.7,19.13,-0.43,-2.2478,14678.7,27487.987
002881.SZ,20210303,18.58,18.87,18.5,18.62,18.7,-0.08,-0.4278,10017.4,18656.288
002881.SZ,20210304,18.57,18.62,18.17,18.22,18.62,-0.4,-2.1482,11142.0,20397.238
002881.SZ,20210305,18.09,18.47,18.09,18.3,18.22,0.08,0.4391,7755.05,14218.785
002881.SZ,20210308,18.4,19.19,18.31,18.55,18.3,0.25,1.3661,17595.4,32944.846
002881.SZ,20210309,18.56,19.11,17.56,18.54,18.55,-0.01,-0.0539,14910.1,27388.296
002881.SZ,20210310,18.4,18.85,18.15,18.5,18.54,-0.04,-0.2157,11256.9,20916.884
002881.SZ,20210311,18.5,18.78,18.11,18.63,18.5,0.13,0.7027,10833.32,20015.578
002881.SZ,20210312,18.59,18.88,18.31,18.81,18.63,0.18,0.9662,11927.94,22244.807
002881.SZ,20210315,18.71,19.09,18.63,18.9,18.81,0.09,0.4785,11925.0,22500.712
002881.SZ,20210316,18.81,19.57,18.77,19.5,18.9,0.6,3.1746,23883.2,46169.033
002881.SZ,20210317,19.48,19.61,19.13,19.36,19.5,-0.14,-0.7179,11972.0,23102.114
002881.SZ,20210318,19.18,19.75,19.06,19.09,19.36,-0.27,-1.3946,13569.4,26253.331
002881.SZ,20210319,19.03,19.16,18.45,18.53,19.09,-0.56,-2.9335,11101.0,20843.806
002881.SZ,20210322,18.54,19.52,18.54,19.21,18.53,0.68,3.6697,18891.4,36137.21
002881.SZ,20210323,19.02,19.22,18.6,18.68,19.21,-0.53,-2.759,9918.7,18713.056
002881.SZ,20210324,18.5,18.66,17.65,17.85,18.68,-0.83,-4.4433,12627.99,22949.178
002881.SZ,20210325,17.88,18.25,17.6,17.82,17.85,-0.03,-0.1681,8781.4,15711.796
002881.SZ,20210326,17.68,18.04,17.58,17.91,17.82,0.09,0.5051,6721.0,11973.218
002881.SZ,20210329,17.95,18.11,17.67,17.7,17.91,-0.21,-1.1725,5396.0,9614.644
002881.SZ,20210330,17.77,17.94,17.45,17.51,17.7,-0.19,-1.0734,5582.5,9811.827
002881.SZ,20210331,17.52,17.65,17.38,17.48,17.51,-0.03,-0.1713,4659.7,8147.584
002881.SZ,20210401,17.55,19.23,17.5,19.23,17.48,1.75,10.0114,31664.19,59119.158
002881.SZ,20210402,19.15,20.05,18.8,19.21,19.23,-0.02,-0.104,38918.99,75644.839
002881.SZ,20210406,19.19,19.58,19.09,19.36,19.21,0.15,0.7808,22284.0,43013.567
002881.SZ,20210407,19.4,19.83,19.2,19.3,19.36,-0.06,-0.3099,19569.9,38184.335
002881.SZ,20210408,19.25,19.58,19.05,19.17,19.3,-0.13,-0.6736,13354.09,25729.054
002881.SZ,20210409,19.49,19.72,19.06,19.35,19.17,0.18,0.939,15753.0,30546.397
002881.SZ,20210412,19.4,20.1,19.3,19.75,19.35,0.4,2.0672,26919.0,52950.73
002881.SZ,20210413,19.69,20.15,19.36,19.8,19.75,0.05,0.2532,21806.1,43202.885
002881.SZ,20210414,19.88,21.6,19.52,21.15,19.8,1.35,6.8182,50456.01,105306.712
002881.SZ,20210415,20.99,21.6,20.6,20.7,21.15,-0.45,-2.1277,29289.6,61499.362
002881.SZ,20210416,20.63,21.5,20.53,21.32,20.7,0.62,2.9952,24018.9,50954.944
002881.SZ,20210419,21.42,23.16,21.42,22.47,21.32,1.15,5.394,45654.4,102801.944
002881.SZ,20210420,22.23,22.34,21.82,21.9,22.47,-0.57,-2.5367,25128.69,55300.899
002881.SZ,20210421,21.8,21.84,20.99,21.1,21.9,-0.8,-3.653,27223.62,57969.397
002881.SZ,20210422,20.99,21.31,20.63,20.91,21.1,-0.19,-0.9005,21722.0,45412.12
002881.SZ,20210423,20.9,20.9,20.24,20.47,20.91,-0.44,-2.1043,15909.0,32565.277
002881.SZ,20210426,20.43,20.66,20.21,20.22,20.47,-0.25,-1.2213,9315.0,18997.479
002881.SZ,20210427,20.2,20.51,19.95,20.34,20.22,0.12,0.5935,9592.1,19335.896
002881.SZ,20210428,20.39,20.65,19.65,20.0,20.34,-0.34,-1.6716,17358.2,34864.156
002881.SZ,20210429,20.01,20.59,20.0,20.15,20.0,0.15,0.75,11518.3,23386.117
002881.SZ,20210430,20.15,20.39,19.71,20.08,20.15,-0.07,-0.3474,10776.2,21580.164
